[16] (0.96607309383187534)
[16, 19] (0.96607309383187534)
[16, 19, 37] (0.95844990156460474)
[16, 19, 37, 55] (0.95085631392749825)
[16, 19, 37, 75] (0.95383157925899609)
[16, 19, 37, 75, 91] (0.9525881847921015)
[16, 19, 37, 75, 91, 109] (0.95128558106487859)
[16, 19, 37, 75, 91, 127] (0.95122637180455027)
[16, 19, 37, 75, 109] (0.95252897553177318)
[16, 19, 37, 75, 109, 127] (0.95116716254422196)
[16, 19, 37, 75, 127] (0.95246976627144486)
[16, 19, 37, 91] (0.95720650709771005)
[16, 19, 37, 91, 109] (0.95590390337048714)
[16, 19, 37, 91, 109, 127] (0.95454209038293591)
[16, 19, 37, 91, 127] (0.95584469411015882)
[16, 19, 37, 109] (0.95714729783738173)
[16, 19, 37, 109, 127] (0.9557854848498305)
[16, 19, 37, 127] (0.95708808857705341)
[16, 19, 55] (0.95847950619476885)
[16, 19, 55, 75] (0.9538611838891603)
[16, 19, 55, 75, 91] (0.9526177894222656)
[16, 19, 55, 75, 91, 109] (0.9513151856950427)
[16, 19, 55, 75, 91, 127] (0.95125597643471438)
[16, 19, 55, 75, 109] (0.95255858016193728)
[16, 19, 55, 75, 109, 127] (0.95119676717438606)
[16, 19, 55, 75, 127] (0.95249937090160897)
[16, 19, 55, 91] (0.95723611172787426)
[16, 19, 55, 91, 109] (0.95593350800065136)
[16, 19, 55, 91, 109, 127] (0.95457169501310002)
[16, 19, 55, 91, 127] (0.95587429874032304)
[16, 19, 55, 109] (0.95717690246754594)
[16, 19, 55, 109, 127] (0.95581508947999472)
[16, 19, 55, 127] (0.95711769320721762)
[16, 19, 75] (0.96145477152626668)
[16, 19, 75, 88] (0.95214411533963916)
[16, 19, 75, 88, 91] (0.95214411533963916)
[16, 19, 75, 88, 91, 109] (0.95084151161241615)
[16, 19, 75, 88, 91, 127] (0.95078230235208783)
[16, 19, 75, 88, 109] (0.95084151161241615)
[16, 19, 75, 88, 127] (0.95078230235208783)
[16, 19, 75, 91] (0.9602113770593721)
[16, 19, 75, 91, 109] (0.95890877333214919)
[16, 19, 75, 91, 109, 127] (0.95754696034459785)
[16, 19, 75, 91, 127] (0.95884956407182087)
[16, 19, 75, 106] (0.95053066299569255)
[16, 19, 75, 106, 109] (0.95053066299569255)
[16, 19, 75, 109] (0.96015216779904378)
[16, 19, 75, 109, 127] (0.95879035481149255)
[16, 19, 75, 127] (0.96009295853871546)
[16, 19, 88] (0.95676243764524771)
[16, 19, 88, 91] (0.95676243764524771)
[16, 19, 88, 91, 109] (0.9554598339180248)
[16, 19, 88, 91, 109, 127] (0.95409802093047358)
[16, 19, 88, 91, 127] (0.95540062465769648)
[16, 19, 88, 109] (0.9554598339180248)
[16, 19, 88, 109, 127] (0.95409802093047358)
[16, 19, 88, 127] (0.95540062465769648)
[16, 19, 91] (0.96482969936498064)
[16, 19, 91, 106] (0.95390559083440651)
[16, 19, 91, 106, 109] (0.95390559083440651)
[16, 19, 91, 106, 109, 127] (0.95254377784685529)
[16, 19, 91, 106, 127] (0.95254377784685529)
[16, 19, 91, 109] (0.96352709563775774)
[16, 19, 91, 109, 124] (0.950989534763237)
[16, 19, 91, 109, 124, 127] (0.950989534763237)
[16, 19, 91, 109, 127] (0.96216528265020651)
[16, 19, 91, 124] (0.95229213849045991)
[16, 19, 91, 124, 127] (0.95229213849045991)
[16, 19, 91, 127] (0.96346788637742942)
[16, 19, 106] (0.9551489853013011)
[16, 19, 106, 109] (0.9551489853013011)
[16, 19, 106, 109, 127] (0.95378717231374988)
[16, 19, 106, 127] (0.95378717231374988)
[16, 19, 109] (0.96477049010465232)
[16, 19, 109, 124] (0.95223292923013159)
[16, 19, 109, 124, 127] (0.95223292923013159)
[16, 19, 109, 127] (0.9634086771171011)
[16, 19, 124] (0.95353553295735449)
[16, 19, 124, 127] (0.95353553295735449)
[16, 19, 127] (0.964711280844324)
[16, 37] (0.95844990156460474)
[16, 37, 55] (0.95085631392749825)
[16, 37, 75] (0.95383157925899609)
[16, 37, 75, 91] (0.9525881847921015)
[16, 37, 75, 91, 109] (0.95128558106487859)
[16, 37, 75, 91, 127] (0.95122637180455027)
[16, 37, 75, 109] (0.95252897553177318)
[16, 37, 75, 109, 127] (0.95116716254422196)
[16, 37, 75, 127] (0.95246976627144486)
[16, 37, 91] (0.95720650709771005)
[16, 37, 91, 109] (0.95590390337048714)
[16, 37, 91, 109, 127] (0.95454209038293591)
[16, 37, 91, 127] (0.95584469411015882)
[16, 37, 109] (0.95714729783738173)
[16, 37, 109, 127] (0.9557854848498305)
[16, 37, 127] (0.95708808857705341)
[16, 55] (0.95847950619476885)
[16, 55, 75] (0.9538611838891603)
[16, 55, 75, 91] (0.9526177894222656)
[16, 55, 75, 91, 109] (0.9513151856950427)
[16, 55, 75, 91, 127] (0.95125597643471438)
[16, 55, 75, 109] (0.95255858016193728)
[16, 55, 75, 109, 127] (0.95119676717438606)
[16, 55, 75, 127] (0.95249937090160897)
[16, 55, 91] (0.95723611172787426)
[16, 55, 91, 109] (0.95593350800065136)
[16, 55, 91, 109, 127] (0.95457169501310002)
[16, 55, 91, 127] (0.95587429874032304)
[16, 55, 109] (0.95717690246754594)
[16, 55, 109, 127] (0.95581508947999472)
[16, 55, 127] (0.95711769320721762)
[16, 75] (0.96145477152626668)
[16, 75, 88] (0.95214411533963916)
[16, 75, 88, 91] (0.95214411533963916)
[16, 75, 88, 91, 109] (0.95084151161241615)
[16, 75, 88, 91, 127] (0.95078230235208783)
[16, 75, 88, 109] (0.95084151161241615)
[16, 75, 88, 127] (0.95078230235208783)
[16, 75, 91] (0.9602113770593721)
[16, 75, 91, 109] (0.95890877333214919)
[16, 75, 91, 109, 127] (0.95754696034459785)
[16, 75, 91, 127] (0.95884956407182087)
[16, 75, 106] (0.95053066299569255)
[16, 75, 106, 109] (0.95053066299569255)
[16, 75, 109] (0.96015216779904378)
[16, 75, 109, 127] (0.95879035481149255)
[16, 75, 127] (0.96009295853871546)
[16, 88] (0.95676243764524771)
[16, 88, 91] (0.95676243764524771)
[16, 88, 91, 109] (0.9554598339180248)
[16, 88, 91, 109, 127] (0.95409802093047358)
[16, 88, 91, 127] (0.95540062465769648)
[16, 88, 109] (0.9554598339180248)
[16, 88, 109, 127] (0.95409802093047358)
[16, 88, 127] (0.95540062465769648)
[16, 91] (0.96482969936498064)
[16, 91, 106] (0.95390559083440651)
[16, 91, 106, 109] (0.95390559083440651)
[16, 91, 106, 109, 127] (0.95254377784685529)
[16, 91, 106, 127] (0.95254377784685529)
[16, 91, 109] (0.96352709563775774)
[16, 91, 109, 124] (0.950989534763237)
[16, 91, 109, 124, 127] (0.950989534763237)
[16, 91, 109, 127] (0.96216528265020651)
[16, 91, 124] (0.95229213849045991)
[16, 91, 124, 127] (0.95229213849045991)
[16, 91, 127] (0.96346788637742942)
[16, 106] (0.9551489853013011)
[16, 106, 109] (0.9551489853013011)
[16, 106, 109, 127] (0.95378717231374988)
[16, 106, 127] (0.95378717231374988)
[16, 109] (0.96477049010465232)
[16, 109, 124] (0.95223292923013159)
[16, 109, 124, 127] (0.95223292923013159)
[16, 109, 127] (0.9634086771171011)
[16, 124] (0.95353553295735449)
[16, 124, 127] (0.95353553295735449)
[16, 127] (0.964711280844324)
[19] (0.99234720310256519)
[19, 34] (0.95751735571443375)
[19, 34, 37] (0.95751735571443375)
[19, 34, 37, 75] (0.95289903340882509)
[19, 34, 37, 75, 91] (0.9516556389419305)
[19, 34, 37, 75, 91, 109] (0.9503530352147076)
[19, 34, 37, 75, 91, 127] (0.95029382595437928)
[19, 34, 37, 75, 109] (0.95159642968160219)
[19, 34, 37, 75, 109, 127] (0.95023461669405096)
[19, 34, 37, 75, 127] (0.95153722042127387)
[19, 34, 37, 91] (0.95627396124753916)
[19, 34, 37, 91, 109] (0.95497135752031614)
[19, 34, 37, 91, 109, 127] (0.95360954453276492)
[19, 34, 37, 91, 127] (0.95491214825998783)
[19, 34, 37, 109] (0.95621475198721084)
[19, 34, 37, 109, 127] (0.95485293899965951)
[19, 34, 37, 127] (0.95615554272688252)
[19, 34, 75] (0.95289903340882509)
[19, 34, 75, 91] (0.9516556389419305)
[19, 34, 75, 91, 109] (0.9503530352147076)
[19, 34, 75, 91, 127] (0.95029382595437928)
[19, 34, 75, 109] (0.95159642968160219)
[19, 34, 75, 109, 127] (0.95023461669405096)
[19, 34, 75, 127] (0.95153722042127387)
[19, 34, 91] (0.95627396124753916)
[19, 34, 91, 109] (0.95497135752031614)
[19, 34, 91, 109, 127] (0.95360954453276492)
[19, 34, 91, 127] (0.95491214825998783)
[19, 34, 109] (0.95621475198721084)
[19, 34, 109, 127] (0.95485293899965951)
[19, 34, 127] (0.95615554272688252)
[19, 37] (0.98472401083529459)
[19, 37, 55] (0.97713042319818821)
[19, 37, 55, 72] (0.95469011353375666)
[19, 37, 55, 72, 75] (0.95469011353375666)
[19, 37, 55, 72, 75, 91] (0.95344671906686207)
[19, 37, 55, 72, 75, 91, 109] (0.95214411533963916)
[19, 37, 55, 72, 75, 91, 109, 127] (0.95078230235208783)
[19, 37, 55, 72, 75, 91, 127] (0.95208490607931084)
[19, 37, 55, 72, 75, 109] (0.95338750980653375)
[19, 37, 55, 72, 75, 109, 127] (0.95202569681898253)
[19, 37, 55, 72, 75, 127] (0.95332830054620543)
[19, 37, 55, 72, 91] (0.95344671906686207)
[19, 37, 55, 72, 91, 109] (0.95214411533963916)
[19, 37, 55, 72, 91, 109, 127] (0.95078230235208783)
[19, 37, 55, 72, 91, 127] (0.95208490607931084)
[19, 37, 55, 72, 109] (0.95338750980653375)
[19, 37, 55, 72, 109, 127] (0.95202569681898253)
[19, 37, 55, 72, 127] (0.95332830054620543)
[19, 37, 55, 75] (0.97251210089257956)
[19, 37, 55, 75, 88] (0.96320144470595204)
[19, 37, 55, 75, 88, 91] (0.96320144470595204)
[19, 37, 55, 75, 88, 91, 106] (0.9522773361753778)
[19, 37, 55, 75, 88, 91, 106, 109] (0.9522773361753778)
[19, 37, 55, 75, 88, 91, 106, 109, 127] (0.95091552318782657)
[19, 37, 55, 75, 88, 91, 106, 127] (0.95091552318782657)
[19, 37, 55, 75, 88, 91, 109] (0.96189884097872902)
[19, 37, 55, 75, 88, 91, 109, 127] (0.96053702799117779)
[19, 37, 55, 75, 88, 91, 124] (0.95066388383143119)
[19, 37, 55, 75, 88, 91, 124, 127] (0.95066388383143119)
[19, 37, 55, 75, 88, 91, 127] (0.96183963171840081)
[19, 37, 55, 75, 88, 106] (0.9522773361753778)
[19, 37, 55, 75, 88, 106, 109] (0.9522773361753778)
[19, 37, 55, 75, 88, 106, 109, 127] (0.95091552318782657)
[19, 37, 55, 75, 88, 106, 127] (0.95091552318782657)
[19, 37, 55, 75, 88, 109] (0.96189884097872902)
[19, 37, 55, 75, 88, 109, 127] (0.96053702799117779)
[19, 37, 55, 75, 88, 124] (0.95066388383143119)
[19, 37, 55, 75, 88, 124, 127] (0.95066388383143119)
[19, 37, 55, 75, 88, 127] (0.96183963171840081)
[19, 37, 55, 75, 91] (0.97126870642568497)
[19, 37, 55, 75, 91, 106] (0.96034459789511084)
[19, 37, 55, 75, 91, 106, 109] (0.96034459789511084)
[19, 37, 55, 75, 91, 106, 109, 127] (0.9589827849075595)
[19, 37, 55, 75, 91, 106, 127] (0.9589827849075595)
[19, 37, 55, 75, 91, 109] (0.96996610269846206)
[19, 37, 55, 75, 91, 109, 124] (0.95742854182394121)
[19, 37, 55, 75, 91, 109, 124, 127] (0.95742854182394121)
[19, 37, 55, 75, 91, 109, 127] (0.96860428971091084)
[19, 37, 55, 75, 91, 124] (0.95873114555116423)
[19, 37, 55, 75, 91, 124, 127] (0.95873114555116423)
[19, 37, 55, 75, 91, 127] (0.96990689343813374)
[19, 37, 55, 75, 106] (0.96158799236200543)
[19, 37, 55, 75, 106, 109] (0.96158799236200543)
[19, 37, 55, 75, 106, 109, 127] (0.9602261793744542)
[19, 37, 55, 75, 106, 127] (0.9602261793744542)
[19, 37, 55, 75, 109] (0.97120949716535665)
[19, 37, 55, 75, 109, 124] (0.95867193629083591)
[19, 37, 55, 75, 109, 124, 127] (0.95867193629083591)
[19, 37, 55, 75, 109, 127] (0.96984768417780542)
[19, 37, 55, 75, 124] (0.95997454001805882)
[19, 37, 55, 75, 124, 127] (0.95997454001805882)
[19, 37, 55, 75, 127] (0.97115028790502833)
[19, 37, 55, 88] (0.96781976701156058)
[19, 37, 55, 88, 91] (0.96781976701156058)
[19, 37, 55, 88, 91, 106] (0.95689565848098646)
[19, 37, 55, 88, 91, 106, 109] (0.95689565848098646)
[19, 37, 55, 88, 91, 106, 109, 127] (0.95553384549343512)
[19, 37, 55, 88, 91, 106, 127] (0.95553384549343512)
[19, 37, 55, 88, 91, 109] (0.96651716328433768)
[19, 37, 55, 88, 91, 109, 124] (0.95397960240981694)
[19, 37, 55, 88, 91, 109, 124, 127] (0.95397960240981694)
[19, 37, 55, 88, 91, 109, 127] (0.96515535029678645)
[19, 37, 55, 88, 91, 124] (0.95528220613703985)
[19, 37, 55, 88, 91, 124, 127] (0.95528220613703985)
[19, 37, 55, 88, 91, 127] (0.96645795402400936)
[19, 37, 55, 88, 106] (0.95689565848098646)
[19, 37, 55, 88, 106, 109] (0.95689565848098646)
[19, 37, 55, 88, 106, 109, 127] (0.95553384549343512)
[19, 37, 55, 88, 106, 127] (0.95553384549343512)
[19, 37, 55, 88, 109] (0.96651716328433768)
[19, 37, 55, 88, 109, 124] (0.95397960240981694)
[19, 37, 55, 88, 109, 124, 127] (0.95397960240981694)
[19, 37, 55, 88, 109, 127] (0.96515535029678645)
[19, 37, 55, 88, 124] (0.95528220613703985)
[19, 37, 55, 88, 124, 127] (0.95528220613703985)
[19, 37, 55, 88, 127] (0.96645795402400936)
[19, 37, 55, 91] (0.97588702873129363)
[19, 37, 55, 91, 106] (0.96496292020071939)
[19, 37, 55, 91, 106, 109] (0.96496292020071939)
[19, 37, 55, 91, 106, 109, 124] (0.95242535932619865)
[19, 37, 55, 91, 106, 109, 124, 127] (0.95242535932619865)
[19, 37, 55, 91, 106, 109, 127] (0.96360110721316816)
[19, 37, 55, 91, 106, 124] (0.95242535932619865)
[19, 37, 55, 91, 106, 124, 127] (0.95242535932619865)
[19, 37, 55, 91, 106, 127] (0.96360110721316816)
[19, 37, 55, 91, 109] (0.97458442500407061)
[19, 37, 55, 91, 109, 124] (0.96204686412954987)
[19, 37, 55, 91, 109, 124, 127] (0.96204686412954987)
[19, 37, 55, 91, 109, 127] (0.97322261201651938)
[19, 37, 55, 91, 124] (0.96334946785677278)
[19, 37, 55, 91, 124, 127] (0.96334946785677278)
[19, 37, 55, 91, 127] (0.97452521574374229)
[19, 37, 55, 106] (0.96620631466761397)
[19, 37, 55, 106, 109] (0.96620631466761397)
[19, 37, 55, 106, 109, 124] (0.95366875379309324)
[19, 37, 55, 106, 109, 124, 127] (0.95366875379309324)
[19, 37, 55, 106, 109, 127] (0.96484450168006275)
[19, 37, 55, 106, 124] (0.95366875379309324)
[19, 37, 55, 106, 124, 127] (0.95366875379309324)
[19, 37, 55, 106, 127] (0.96484450168006275)
[19, 37, 55, 109] (0.97582781947096531)
[19, 37, 55, 109, 124] (0.96329025859644446)
[19, 37, 55, 109, 124, 127] (0.96329025859644446)
[19, 37, 55, 109, 127] (0.97446600648341397)
[19, 37, 55, 124] (0.96459286232366748)
[19, 37, 55, 124, 127] (0.96459286232366748)
[19, 37, 55, 127] (0.97576861021063699)
[19, 37, 72] (0.96228370117086315)
[19, 37, 72, 75] (0.96228370117086315)
[19, 37, 72, 75, 88] (0.95297304498423552)
[19, 37, 72, 75, 88, 91] (0.95297304498423552)
[19, 37, 72, 75, 88, 91, 109] (0.95167044125701261)
[19, 37, 72, 75, 88, 91, 109, 127] (0.95030862826946139)
[19, 37, 72, 75, 88, 91, 127] (0.95161123199668429)
[19, 37, 72, 75, 88, 109] (0.95167044125701261)
[19, 37, 72, 75, 88, 109, 127] (0.95030862826946139)
[19, 37, 72, 75, 88, 127] (0.95161123199668429)
[19, 37, 72, 75, 91] (0.96104030670396845)
[19, 37, 72, 75, 91, 106] (0.95011619817339432)
[19, 37, 72, 75, 91, 106, 109] (0.95011619817339432)
[19, 37, 72, 75, 91, 109] (0.95973770297674554)
[19, 37, 72, 75, 91, 109, 127] (0.95837588998919432)
[19, 37, 72, 75, 91, 127] (0.95967849371641722)
[19, 37, 72, 75, 106] (0.95135959264028891)
[19, 37, 72, 75, 106, 109] (0.95135959264028891)
[19, 37, 72, 75, 109] (0.96098109744364013)
[19, 37, 72, 75, 109, 127] (0.95961928445608891)
[19, 37, 72, 75, 127] (0.96092188818331192)
[19, 37, 72, 88] (0.95297304498423552)
[19, 37, 72, 88, 91] (0.95297304498423552)
[19, 37, 72, 88, 91, 109] (0.95167044125701261)
[19, 37, 72, 88, 91, 109, 127] (0.95030862826946139)
[19, 37, 72, 88, 91, 127] (0.95161123199668429)
[19, 37, 72, 88, 109] (0.95167044125701261)
[19, 37, 72, 88, 109, 127] (0.95030862826946139)
[19, 37, 72, 88, 127] (0.95161123199668429)
[19, 37, 72, 91] (0.96104030670396845)
[19, 37, 72, 91, 106] (0.95011619817339432)
[19, 37, 72, 91, 106, 109] (0.95011619817339432)
[19, 37, 72, 91, 109] (0.95973770297674554)
[19, 37, 72, 91, 109, 127] (0.95837588998919432)
[19, 37, 72, 91, 127] (0.95967849371641722)
[19, 37, 72, 106] (0.95135959264028891)
[19, 37, 72, 106, 109] (0.95135959264028891)
[19, 37, 72, 109] (0.96098109744364013)
[19, 37, 72, 109, 127] (0.95961928445608891)
[19, 37, 72, 127] (0.96092188818331192)
[19, 37, 75] (0.98010568852968605)
[19, 37, 75, 88] (0.97079503234305842)
[19, 37, 75, 88, 91] (0.97079503234305842)
[19, 37, 75, 88, 91, 106] (0.95987092381248429)
[19, 37, 75, 88, 91, 106, 109] (0.95987092381248429)
[19, 37, 75, 88, 91, 106, 109, 127] (0.95850911082493306)
[19, 37, 75, 88, 91, 106, 127] (0.95850911082493306)
[19, 37, 75, 88, 91, 109] (0.96949242861583551)
[19, 37, 75, 88, 91, 109, 124] (0.95695486774131477)
[19, 37, 75, 88, 91, 109, 124, 127] (0.95695486774131477)
[19, 37, 75, 88, 91, 109, 127] (0.96813061562828429)
[19, 37, 75, 88, 91, 124] (0.95825747146853768)
[19, 37, 75, 88, 91, 124, 127] (0.95825747146853768)
[19, 37, 75, 88, 91, 127] (0.96943321935550719)
[19, 37, 75, 88, 106] (0.95987092381248429)
[19, 37, 75, 88, 106, 109] (0.95987092381248429)
[19, 37, 75, 88, 106, 109, 127] (0.95850911082493306)
[19, 37, 75, 88, 106, 127] (0.95850911082493306)
[19, 37, 75, 88, 109] (0.96949242861583551)
[19, 37, 75, 88, 109, 124] (0.95695486774131477)
[19, 37, 75, 88, 109, 124, 127] (0.95695486774131477)
[19, 37, 75, 88, 109, 127] (0.96813061562828429)
[19, 37, 75, 88, 124] (0.95825747146853768)
[19, 37, 75, 88, 124, 127] (0.95825747146853768)
[19, 37, 75, 88, 127] (0.96943321935550719)
[19, 37, 75, 91] (0.97886229406279146)
[19, 37, 75, 91, 106] (0.96793818553221722)
[19, 37, 75, 91, 106, 109] (0.96793818553221722)
[19, 37, 75, 91, 106, 109, 124] (0.95540062465769648)
[19, 37, 75, 91, 106, 109, 124, 127] (0.95540062465769648)
[19, 37, 75, 91, 106, 109, 127] (0.966576372544666)
[19, 37, 75, 91, 106, 124] (0.95540062465769648)
[19, 37, 75, 91, 106, 124, 127] (0.95540062465769648)
[19, 37, 75, 91, 106, 127] (0.966576372544666)
[19, 37, 75, 91, 109] (0.97755969033556844)
[19, 37, 75, 91, 109, 124] (0.96502212946104771)
[19, 37, 75, 91, 109, 124, 127] (0.96502212946104771)
[19, 37, 75, 91, 109, 127] (0.97619787734801722)
[19, 37, 75, 91, 124] (0.96632473318827061)
[19, 37, 75, 91, 124, 127] (0.96632473318827061)
[19, 37, 75, 91, 127] (0.97750048107524012)
[19, 37, 75, 106] (0.96918157999911181)
[19, 37, 75, 106, 109] (0.96918157999911181)
[19, 37, 75, 106, 109, 124] (0.95664401912459107)
[19, 37, 75, 106, 109, 124, 127] (0.95664401912459107)
[19, 37, 75, 106, 109, 127] (0.96781976701156058)
[19, 37, 75, 106, 124] (0.95664401912459107)
[19, 37, 75, 106, 124, 127] (0.95664401912459107)
[19, 37, 75, 106, 127] (0.96781976701156058)
[19, 37, 75, 109] (0.97880308480246314)
[19, 37, 75, 109, 124] (0.96626552392794229)
[19, 37, 75, 109, 124, 127] (0.96626552392794229)
[19, 37, 75, 109, 127] (0.97744127181491181)
[19, 37, 75, 124] (0.96756812765516531)
[19, 37, 75, 124, 127] (0.96756812765516531)
[19, 37, 75, 127] (0.97874387554213482)
[19, 37, 85] (0.95353553295735449)
[19, 37, 85, 88] (0.95353553295735449)
[19, 37, 85, 88, 91] (0.95353553295735449)
[19, 37, 85, 88, 91, 109] (0.95223292923013159)
[19, 37, 85, 88, 91, 109, 127] (0.95087111624258036)
[19, 37, 85, 88, 91, 127] (0.95217371996980327)
[19, 37, 85, 88, 109] (0.95223292923013159)
[19, 37, 85, 88, 109, 127] (0.95087111624258036)
[19, 37, 85, 88, 127] (0.95217371996980327)
[19, 37, 85, 91] (0.95353553295735449)
[19, 37, 85, 91, 109] (0.95223292923013159)
[19, 37, 85, 91, 109, 127] (0.95087111624258036)
[19, 37, 85, 91, 127] (0.95217371996980327)
[19, 37, 85, 109] (0.95223292923013159)
[19, 37, 85, 109, 127] (0.95087111624258036)
[19, 37, 85, 127] (0.95217371996980327)
[19, 37, 88] (0.97541335464866707)
[19, 37, 88, 91] (0.97541335464866707)
[19, 37, 88, 91, 106] (0.96448924611809284)
[19, 37, 88, 91, 106, 109] (0.96448924611809284)
[19, 37, 88, 91, 106, 109, 124] (0.9519516852435721)
[19, 37, 88, 91, 106, 109, 124, 127] (0.9519516852435721)
[19, 37, 88, 91, 106, 109, 127] (0.96312743313054161)
[19, 37, 88, 91, 106, 124] (0.9519516852435721)
[19, 37, 88, 91, 106, 124, 127] (0.9519516852435721)
[19, 37, 88, 91, 106, 127] (0.96312743313054161)
[19, 37, 88, 91, 109] (0.97411075092144417)
[19, 37, 88, 91, 109, 124] (0.96157319004692332)
[19, 37, 88, 91, 109, 124, 127] (0.96157319004692332)
[19, 37, 88, 91, 109, 127] (0.97274893793389283)
[19, 37, 88, 91, 124] (0.96287579377414623)
[19, 37, 88, 91, 124, 127] (0.96287579377414623)
[19, 37, 88, 91, 127] (0.97405154166111585)
[19, 37, 88, 106] (0.96448924611809284)
[19, 37, 88, 106, 109] (0.96448924611809284)
[19, 37, 88, 106, 109, 124] (0.9519516852435721)
[19, 37, 88, 106, 109, 124, 127] (0.9519516852435721)
[19, 37, 88, 106, 109, 127] (0.96312743313054161)
[19, 37, 88, 106, 124] (0.9519516852435721)
[19, 37, 88, 106, 124, 127] (0.9519516852435721)
[19, 37, 88, 106, 127] (0.96312743313054161)
[19, 37, 88, 109] (0.97411075092144417)
[19, 37, 88, 109, 124] (0.96157319004692332)
[19, 37, 88, 109, 124, 127] (0.96157319004692332)
[19, 37, 88, 109, 127] (0.97274893793389283)
[19, 37, 88, 124] (0.96287579377414623)
[19, 37, 88, 124, 127] (0.96287579377414623)
[19, 37, 88, 127] (0.97405154166111585)
[19, 37, 91] (0.98348061636840001)
[19, 37, 91, 106] (0.97255650783782588)
[19, 37, 91, 106, 109] (0.97255650783782588)
[19, 37, 91, 106, 109, 124] (0.96001894696330503)
[19, 37, 91, 106, 109, 124, 127] (0.96001894696330503)
[19, 37, 91, 106, 109, 127] (0.97119469485027454)
[19, 37, 91, 106, 124] (0.96001894696330503)
[19, 37, 91, 106, 124, 127] (0.96001894696330503)
[19, 37, 91, 106, 127] (0.97119469485027454)
[19, 37, 91, 109] (0.9821780126411771)
[19, 37, 91, 109, 124] (0.96964045176665625)
[19, 37, 91, 109, 124, 127] (0.96964045176665625)
[19, 37, 91, 109, 127] (0.98081619965362588)
[19, 37, 91, 124] (0.97094305549387927)
[19, 37, 91, 124, 127] (0.97094305549387927)
[19, 37, 91, 127] (0.98211880338084878)
[19, 37, 106] (0.97379990230472047)
[19, 37, 106, 109] (0.97379990230472047)
[19, 37, 106, 109, 124] (0.96126234143019973)
[19, 37, 106, 109, 124, 127] (0.96126234143019973)
[19, 37, 106, 109, 127] (0.97243808931716924)
[19, 37, 106, 124] (0.96126234143019973)
[19, 37, 106, 124, 127] (0.96126234143019973)
[19, 37, 106, 127] (0.97243808931716924)
[19, 37, 109] (0.98342140710807169)
[19, 37, 109, 124] (0.97088384623355095)
[19, 37, 109, 124, 127] (0.97088384623355095)
[19, 37, 109, 127] (0.98205959412052046)
[19, 37, 124] (0.97218644996077386)
[19, 37, 124, 127] (0.97218644996077386)
[19, 37, 127] (0.98336219784774337)
[19, 52] (0.95661441449442697)
[19, 52, 55] (0.95661441449442697)
[19, 52, 55, 75] (0.95199609218881831)
[19, 52, 55, 75, 91] (0.95075269772192372)
[19, 52, 55, 75, 109] (0.9506934884615954)
[19, 52, 55, 75, 127] (0.95063427920126709)
[19, 52, 55, 91] (0.95537102002753227)
[19, 52, 55, 91, 109] (0.95406841630030936)
[19, 52, 55, 91, 109, 127] (0.95270660331275814)
[19, 52, 55, 91, 127] (0.95400920703998104)
[19, 52, 55, 109] (0.95531181076720395)
[19, 52, 55, 109, 127] (0.95394999777965273)
[19, 52, 55, 127] (0.95525260150687563)
[19, 52, 75] (0.95199609218881831)
[19, 52, 75, 91] (0.95075269772192372)
[19, 52, 75, 109] (0.9506934884615954)
[19, 52, 75, 127] (0.95063427920126709)
[19, 52, 91] (0.95537102002753227)
[19, 52, 91, 109] (0.95406841630030936)
[19, 52, 91, 109, 127] (0.95270660331275814)
[19, 52, 91, 127] (0.95400920703998104)
[19, 52, 109] (0.95531181076720395)
[19, 52, 109, 127] (0.95394999777965273)
[19, 52, 127] (0.95525260150687563)
[19, 55] (0.98475361546545881)
[19, 55, 72] (0.96231330580102725)
[19, 55, 72, 75] (0.96231330580102725)
[19, 55, 72, 75, 88] (0.95300264961439973)
[19, 55, 72, 75, 88, 91] (0.95300264961439973)
[19, 55, 72, 75, 88, 91, 109] (0.95170004588717672)
[19, 55, 72, 75, 88, 91, 109, 127] (0.95033823289962549)
[19, 55, 72, 75, 88, 91, 127] (0.9516408366268484)
[19, 55, 72, 75, 88, 109] (0.95170004588717672)
[19, 55, 72, 75, 88, 109, 127] (0.95033823289962549)
[19, 55, 72, 75, 88, 127] (0.9516408366268484)
[19, 55, 72, 75, 91] (0.96106991133413266)
[19, 55, 72, 75, 91, 106] (0.95014580280355843)
[19, 55, 72, 75, 91, 106, 109] (0.95014580280355843)
[19, 55, 72, 75, 91, 109] (0.95976730760690976)
[19, 55, 72, 75, 91, 109, 127] (0.95840549461935842)
[19, 55, 72, 75, 91, 127] (0.95970809834658144)
[19, 55, 72, 75, 106] (0.95138919727045312)
[19, 55, 72, 75, 106, 109] (0.95138919727045312)
[19, 55, 72, 75, 106, 109, 127] (0.9500273842829019)
[19, 55, 72, 75, 106, 127] (0.9500273842829019)
[19, 55, 72, 75, 109] (0.96101070207380435)
[19, 55, 72, 75, 109, 127] (0.95964888908625312)
[19, 55, 72, 75, 127] (0.96095149281347603)
[19, 55, 72, 88] (0.95300264961439973)
[19, 55, 72, 88, 91] (0.95300264961439973)
[19, 55, 72, 88, 91, 109] (0.95170004588717672)
[19, 55, 72, 88, 91, 109, 127] (0.95033823289962549)
[19, 55, 72, 88, 91, 127] (0.9516408366268484)
[19, 55, 72, 88, 109] (0.95170004588717672)
[19, 55, 72, 88, 109, 127] (0.95033823289962549)
[19, 55, 72, 88, 127] (0.9516408366268484)
[19, 55, 72, 91] (0.96106991133413266)
[19, 55, 72, 91, 106] (0.95014580280355843)
[19, 55, 72, 91, 106, 109] (0.95014580280355843)
[19, 55, 72, 91, 109] (0.95976730760690976)
[19, 55, 72, 91, 109, 127] (0.95840549461935842)
[19, 55, 72, 91, 127] (0.95970809834658144)
[19, 55, 72, 106] (0.95138919727045312)
[19, 55, 72, 106, 109] (0.95138919727045312)
[19, 55, 72, 106, 109, 127] (0.9500273842829019)
[19, 55, 72, 106, 127] (0.9500273842829019)
[19, 55, 72, 109] (0.96101070207380435)
[19, 55, 72, 109, 127] (0.95964888908625312)
[19, 55, 72, 127] (0.96095149281347603)
[19, 55, 75] (0.98013529315985015)
[19, 55, 75, 88] (0.97082463697322263)
[19, 55, 75, 88, 91] (0.97082463697322263)
[19, 55, 75, 88, 91, 106] (0.95990052844264839)
[19, 55, 75, 88, 91, 106, 109] (0.95990052844264839)
[19, 55, 75, 88, 91, 106, 109, 127] (0.95853871545509717)
[19, 55, 75, 88, 91, 106, 127] (0.95853871545509717)
[19, 55, 75, 88, 91, 109] (0.96952203324599973)
[19, 55, 75, 88, 91, 109, 124] (0.95698447237147888)
[19, 55, 75, 88, 91, 109, 124, 127] (0.95698447237147888)
[19, 55, 75, 88, 91, 109, 127] (0.96816022025844839)
[19, 55, 75, 88, 91, 124] (0.95828707609870178)
[19, 55, 75, 88, 91, 124, 127] (0.95828707609870178)
[19, 55, 75, 88, 91, 127] (0.96946282398567141)
[19, 55, 75, 88, 106] (0.95990052844264839)
[19, 55, 75, 88, 106, 109] (0.95990052844264839)
[19, 55, 75, 88, 106, 109, 127] (0.95853871545509717)
[19, 55, 75, 88, 106, 127] (0.95853871545509717)
[19, 55, 75, 88, 109] (0.96952203324599973)
[19, 55, 75, 88, 109, 124] (0.95698447237147888)
[19, 55, 75, 88, 109, 124, 127] (0.95698447237147888)
[19, 55, 75, 88, 109, 127] (0.96816022025844839)
[19, 55, 75, 88, 124] (0.95828707609870178)
[19, 55, 75, 88, 124, 127] (0.95828707609870178)
[19, 55, 75, 88, 127] (0.96946282398567141)
[19, 55, 75, 91] (0.97889189869295556)
[19, 55, 75, 91, 106] (0.96796779016238144)
[19, 55, 75, 91, 106, 109] (0.96796779016238144)
[19, 55, 75, 91, 106, 109, 124] (0.95543022928786059)
[19, 55, 75, 91, 106, 109, 124, 127] (0.95543022928786059)
[19, 55, 75, 91, 106, 109, 127] (0.9666059771748301)
[19, 55, 75, 91, 106, 124] (0.95543022928786059)
[19, 55, 75, 91, 106, 124, 127] (0.95543022928786059)
[19, 55, 75, 91, 106, 127] (0.9666059771748301)
[19, 55, 75, 91, 109] (0.97758929496573266)
[19, 55, 75, 91, 109, 124] (0.96505173409121181)
[19, 55, 75, 91, 109, 124, 127] (0.96505173409121181)
[19, 55, 75, 91, 109, 127] (0.97622748197818143)
[19, 55, 75, 91, 124] (0.96635433781843483)
[19, 55, 75, 91, 124, 127] (0.96635433781843483)
[19, 55, 75, 91, 127] (0.97753008570540434)
[19, 55, 75, 106] (0.96921118462927602)
[19, 55, 75, 106, 109] (0.96921118462927602)
[19, 55, 75, 106, 109, 124] (0.95667362375475529)
[19, 55, 75, 106, 109, 124, 127] (0.95667362375475529)
[19, 55, 75, 106, 109, 127] (0.9678493716417248)
[19, 55, 75, 106, 124] (0.95667362375475529)
[19, 55, 75, 106, 124, 127] (0.95667362375475529)
[19, 55, 75, 106, 127] (0.9678493716417248)
[19, 55, 75, 109] (0.97883268943262725)
[19, 55, 75, 109, 124] (0.96629512855810651)
[19, 55, 75, 109, 124, 127] (0.96629512855810651)
[19, 55, 75, 109, 127] (0.97747087644507602)
[19, 55, 75, 124] (0.96759773228532941)
[19, 55, 75, 124, 127] (0.96759773228532941)
[19, 55, 75, 127] (0.97877348017229893)
[19, 55, 85] (0.95356513758751871)
[19, 55, 85, 88] (0.95356513758751871)
[19, 55, 85, 88, 91] (0.95356513758751871)
[19, 55, 85, 88, 91, 109] (0.9522625338602958)
[19, 55, 85, 88, 91, 109, 127] (0.95090072087274446)
[19, 55, 85, 88, 91, 127] (0.95220332459996748)
[19, 55, 85, 88, 109] (0.9522625338602958)
[19, 55, 85, 88, 109, 127] (0.95090072087274446)
[19, 55, 85, 88, 127] (0.95220332459996748)
[19, 55, 85, 91] (0.95356513758751871)
[19, 55, 85, 91, 109] (0.9522625338602958)
[19, 55, 85, 91, 109, 127] (0.95090072087274446)
[19, 55, 85, 91, 127] (0.95220332459996748)
[19, 55, 85, 109] (0.9522625338602958)
[19, 55, 85, 109, 127] (0.95090072087274446)
[19, 55, 85, 127] (0.95220332459996748)
[19, 55, 88] (0.97544295927883118)
[19, 55, 88, 91] (0.97544295927883118)
[19, 55, 88, 91, 106] (0.96451885074825705)
[19, 55, 88, 91, 106, 109] (0.96451885074825705)
[19, 55, 88, 91, 106, 109, 124] (0.9519812898737362)
[19, 55, 88, 91, 106, 109, 124, 127] (0.9519812898737362)
[19, 55, 88, 91, 106, 109, 127] (0.96315703776070583)
[19, 55, 88, 91, 106, 124] (0.9519812898737362)
[19, 55, 88, 91, 106, 124, 127] (0.9519812898737362)
[19, 55, 88, 91, 106, 127] (0.96315703776070583)
[19, 55, 88, 91, 109] (0.97414035555160827)
[19, 55, 88, 91, 109, 124] (0.96160279467708754)
[19, 55, 88, 91, 109, 124, 127] (0.96160279467708754)
[19, 55, 88, 91, 109, 127] (0.97277854256405705)
[19, 55, 88, 91, 124] (0.96290539840431044)
[19, 55, 88, 91, 124, 127] (0.96290539840431044)
[19, 55, 88, 91, 127] (0.97408114629127995)
[19, 55, 88, 106] (0.96451885074825705)
[19, 55, 88, 106, 109] (0.96451885074825705)
[19, 55, 88, 106, 109, 124] (0.9519812898737362)
[19, 55, 88, 106, 109, 124, 127] (0.9519812898737362)
[19, 55, 88, 106, 109, 127] (0.96315703776070583)
[19, 55, 88, 106, 124] (0.9519812898737362)
[19, 55, 88, 106, 124, 127] (0.9519812898737362)
[19, 55, 88, 106, 127] (0.96315703776070583)
[19, 55, 88, 109] (0.97414035555160827)
[19, 55, 88, 109, 124] (0.96160279467708754)
[19, 55, 88, 109, 124, 127] (0.96160279467708754)
[19, 55, 88, 109, 127] (0.97277854256405705)
[19, 55, 88, 124] (0.96290539840431044)
[19, 55, 88, 124, 127] (0.96290539840431044)
[19, 55, 88, 127] (0.97408114629127995)
[19, 55, 91] (0.98351022099856422)
[19, 55, 91, 106] (0.97258611246798998)
[19, 55, 91, 106, 109] (0.97258611246798998)
[19, 55, 91, 106, 109, 124] (0.96004855159346925)
[19, 55, 91, 106, 109, 124, 127] (0.96004855159346925)
[19, 55, 91, 106, 109, 127] (0.97122429948043876)
[19, 55, 91, 106, 124] (0.96004855159346925)
[19, 55, 91, 106, 124, 127] (0.96004855159346925)
[19, 55, 91, 106, 127] (0.97122429948043876)
[19, 55, 91, 109] (0.9822076172713412)
[19, 55, 91, 109, 124] (0.96967005639682047)
[19, 55, 91, 109, 124, 127] (0.96967005639682047)
[19, 55, 91, 109, 127] (0.98084580428378998)
[19, 55, 91, 124] (0.97097266012404337)
[19, 55, 91, 124, 127] (0.97097266012404337)
[19, 55, 91, 127] (0.98214840801101289)
[19, 55, 106] (0.97382950693488457)
[19, 55, 106, 109] (0.97382950693488457)
[19, 55, 106, 109, 124] (0.96129194606036383)
[19, 55, 106, 109, 124, 127] (0.96129194606036383)
[19, 55, 106, 109, 127] (0.97246769394733334)
[19, 55, 106, 124] (0.96129194606036383)
[19, 55, 106, 124, 127] (0.96129194606036383)
[19, 55, 106, 127] (0.97246769394733334)
[19, 55, 109] (0.9834510117382359)
[19, 55, 109, 124] (0.97091345086371506)
[19, 55, 109, 124, 127] (0.97091345086371506)
[19, 55, 109, 127] (0.98208919875068457)
[19, 55, 124] (0.97221605459093807)
[19, 55, 124, 127] (0.97221605459093807)
[19, 55, 127] (0.98339180247790758)
[19, 72] (0.96990689343813374)
[19, 72, 75] (0.96990689343813374)
[19, 72, 75, 88] (0.96059623725150611)
[19, 72, 75, 88, 91] (0.96059623725150611)
[19, 72, 75, 88, 91, 109] (0.95929363352428321)
[19, 72, 75, 88, 91, 109, 127] (0.95793182053673198)
[19, 72, 75, 88, 91, 127] (0.95923442426395489)
[19, 72, 75, 88, 109] (0.95929363352428321)
[19, 72, 75, 88, 109, 127] (0.95793182053673198)
[19, 72, 75, 88, 127] (0.95923442426395489)
[19, 72, 75, 91] (0.96866349897123916)
[19, 72, 75, 91, 106] (0.95773939044066492)
[19, 72, 75, 91, 106, 109] (0.95773939044066492)
[19, 72, 75, 91, 106, 109, 127] (0.95637757745311369)
[19, 72, 75, 91, 106, 127] (0.95637757745311369)
[19, 72, 75, 91, 109] (0.96736089524401614)
[19, 72, 75, 91, 109, 124] (0.9548233343694954)
[19, 72, 75, 91, 109, 124, 127] (0.9548233343694954)
[19, 72, 75, 91, 109, 127] (0.96599908225646491)
[19, 72, 75, 91, 124] (0.95612593809671831)
[19, 72, 75, 91, 124, 127] (0.95612593809671831)
[19, 72, 75, 91, 127] (0.96730168598368782)
[19, 72, 75, 106] (0.9589827849075595)
[19, 72, 75, 106, 109] (0.9589827849075595)
[19, 72, 75, 106, 109, 127] (0.95762097192000828)
[19, 72, 75, 106, 127] (0.95762097192000828)
[19, 72, 75, 109] (0.96860428971091084)
[19, 72, 75, 109, 124] (0.95606672883638999)
[19, 72, 75, 109, 124, 127] (0.95606672883638999)
[19, 72, 75, 109, 127] (0.9672424767233595)
[19, 72, 75, 124] (0.9573693325636129)
[19, 72, 75, 124, 127] (0.9573693325636129)
[19, 72, 75, 127] (0.96854508045058252)
[19, 72, 88] (0.96059623725150611)
[19, 72, 88, 91] (0.96059623725150611)
[19, 72, 88, 91, 109] (0.95929363352428321)
[19, 72, 88, 91, 109, 127] (0.95793182053673198)
[19, 72, 88, 91, 127] (0.95923442426395489)
[19, 72, 88, 109] (0.95929363352428321)
[19, 72, 88, 109, 127] (0.95793182053673198)
[19, 72, 88, 127] (0.95923442426395489)
[19, 72, 91] (0.96866349897123916)
[19, 72, 91, 106] (0.95773939044066492)
[19, 72, 91, 106, 109] (0.95773939044066492)
[19, 72, 91, 106, 109, 127] (0.95637757745311369)
[19, 72, 91, 106, 127] (0.95637757745311369)
[19, 72, 91, 109] (0.96736089524401614)
[19, 72, 91, 109, 124] (0.9548233343694954)
[19, 72, 91, 109, 124, 127] (0.9548233343694954)
[19, 72, 91, 109, 127] (0.96599908225646491)
[19, 72, 91, 124] (0.95612593809671831)
[19, 72, 91, 124, 127] (0.95612593809671831)
[19, 72, 91, 127] (0.96730168598368782)
[19, 72, 106] (0.9589827849075595)
[19, 72, 106, 109] (0.9589827849075595)
[19, 72, 106, 109, 127] (0.95762097192000828)
[19, 72, 106, 127] (0.95762097192000828)
[19, 72, 109] (0.96860428971091084)
[19, 72, 109, 124] (0.95606672883638999)
[19, 72, 109, 124, 127] (0.95606672883638999)
[19, 72, 109, 127] (0.9672424767233595)
[19, 72, 124] (0.9573693325636129)
[19, 72, 124, 127] (0.9573693325636129)
[19, 72, 127] (0.96854508045058252)
[19, 75] (0.98772888079695664)
[19, 75, 85] (0.95654040291901654)
[19, 75, 85, 88] (0.95654040291901654)
[19, 75, 85, 88, 91] (0.95654040291901654)
[19, 75, 85, 88, 91, 109] (0.95523779919179364)
[19, 75, 85, 88, 91, 109, 127] (0.9538759862042423)
[19, 75, 85, 88, 91, 127] (0.95517858993146532)
[19, 75, 85, 88, 109] (0.95523779919179364)
[19, 75, 85, 88, 109, 127] (0.9538759862042423)
[19, 75, 85, 88, 127] (0.95517858993146532)
[19, 75, 85, 91] (0.95654040291901654)
[19, 75, 85, 91, 109] (0.95523779919179364)
[19, 75, 85, 91, 109, 127] (0.9538759862042423)
[19, 75, 85, 91, 127] (0.95517858993146532)
[19, 75, 85, 109] (0.95523779919179364)
[19, 75, 85, 109, 127] (0.9538759862042423)
[19, 75, 85, 127] (0.95517858993146532)
[19, 75, 88] (0.97841822461032901)
[19, 75, 88, 91] (0.97841822461032901)
[19, 75, 88, 91, 106] (0.96749411607975488)
[19, 75, 88, 91, 106, 109] (0.96749411607975488)
[19, 75, 88, 91, 106, 109, 124] (0.95495655520523415)
[19, 75, 88, 91, 106, 109, 124, 127] (0.95495655520523415)
[19, 75, 88, 91, 106, 109, 127] (0.96613230309220366)
[19, 75, 88, 91, 106, 124] (0.95495655520523415)
[19, 75, 88, 91, 106, 124, 127] (0.95495655520523415)
[19, 75, 88, 91, 106, 127] (0.96613230309220366)
[19, 75, 88, 91, 109] (0.97711562088310611)
[19, 75, 88, 91, 109, 124] (0.96457806000858537)
[19, 75, 88, 91, 109, 124, 127] (0.96457806000858537)
[19, 75, 88, 91, 109, 127] (0.97575380789555488)
[19, 75, 88, 91, 124] (0.96588066373580828)
[19, 75, 88, 91, 124, 127] (0.96588066373580828)
[19, 75, 88, 91, 127] (0.97705641162277779)
[19, 75, 88, 106] (0.96749411607975488)
[19, 75, 88, 106, 109] (0.96749411607975488)
[19, 75, 88, 106, 109, 124] (0.95495655520523415)
[19, 75, 88, 106, 109, 124, 127] (0.95495655520523415)
[19, 75, 88, 106, 109, 127] (0.96613230309220366)
[19, 75, 88, 106, 124] (0.95495655520523415)
[19, 75, 88, 106, 124, 127] (0.95495655520523415)
[19, 75, 88, 106, 127] (0.96613230309220366)
[19, 75, 88, 109] (0.97711562088310611)
[19, 75, 88, 109, 124] (0.96457806000858537)
[19, 75, 88, 109, 124, 127] (0.96457806000858537)
[19, 75, 88, 109, 127] (0.97575380789555488)
[19, 75, 88, 124] (0.96588066373580828)
[19, 75, 88, 124, 127] (0.96588066373580828)
[19, 75, 88, 127] (0.97705641162277779)
[19, 75, 91] (0.98648548633006206)
[19, 75, 91, 106] (0.97556137779948782)
[19, 75, 91, 106, 109] (0.97556137779948782)
[19, 75, 91, 106, 109, 124] (0.96302381692496708)
[19, 75, 91, 106, 109, 124, 127] (0.96302381692496708)
[19, 75, 91, 106, 109, 127] (0.97419956481193659)
[19, 75, 91, 106, 124] (0.96302381692496708)
[19, 75, 91, 106, 124, 127] (0.96302381692496708)
[19, 75, 91, 106, 127] (0.97419956481193659)
[19, 75, 91, 109] (0.98518288260283904)
[19, 75, 91, 109, 124] (0.9726453217283183)
[19, 75, 91, 109, 124, 127] (0.9726453217283183)
[19, 75, 91, 109, 127] (0.98382106961528781)
[19, 75, 91, 124] (0.97394792545554121)
[19, 75, 91, 124, 127] (0.97394792545554121)
[19, 75, 91, 127] (0.98512367334251072)
[19, 75, 106] (0.97680477226638251)
[19, 75, 106, 109] (0.97680477226638251)
[19, 75, 106, 109, 124] (0.96426721139186167)
[19, 75, 106, 109, 124, 127] (0.96426721139186167)
[19, 75, 106, 109, 127] (0.97544295927883118)
[19, 75, 106, 124] (0.96426721139186167)
[19, 75, 106, 124, 127] (0.96426721139186167)
[19, 75, 106, 127] (0.97544295927883118)
[19, 75, 109] (0.98642627706973374)
[19, 75, 109, 124] (0.97388871619521289)
[19, 75, 109, 124, 127] (0.97388871619521289)
[19, 75, 109, 127] (0.9850644640821824)
[19, 75, 124] (0.97519131992243591)
[19, 75, 124, 127] (0.97519131992243591)
[19, 75, 127] (0.98636706780940542)
[19, 85] (0.96115872522462509)
[19, 85, 88] (0.96115872522462509)
[19, 85, 88, 91] (0.96115872522462509)
[19, 85, 88, 91, 106] (0.95023461669405096)
[19, 85, 88, 91, 106, 109] (0.95023461669405096)
[19, 85, 88, 91, 109] (0.95985612149740218)
[19, 85, 88, 91, 109, 127] (0.95849430850985096)
[19, 85, 88, 91, 127] (0.95979691223707386)
[19, 85, 88, 106] (0.95023461669405096)
[19, 85, 88, 106, 109] (0.95023461669405096)
[19, 85, 88, 109] (0.95985612149740218)
[19, 85, 88, 109, 127] (0.95849430850985096)
[19, 85, 88, 127] (0.95979691223707386)
[19, 85, 91] (0.96115872522462509)
[19, 85, 91, 106] (0.95023461669405096)
[19, 85, 91, 106, 109] (0.95023461669405096)
[19, 85, 91, 109] (0.95985612149740218)
[19, 85, 91, 109, 127] (0.95849430850985096)
[19, 85, 91, 127] (0.95979691223707386)
[19, 85, 106] (0.95023461669405096)
[19, 85, 106, 109] (0.95023461669405096)
[19, 85, 109] (0.95985612149740218)
[19, 85, 109, 127] (0.95849430850985096)
[19, 85, 127] (0.95979691223707386)
[19, 88] (0.98303654691593767)
[19, 88, 91] (0.98303654691593767)
[19, 88, 91, 106] (0.97211243838536343)
[19, 88, 91, 106, 109] (0.97211243838536343)
[19, 88, 91, 106, 109, 124] (0.95957487751084269)
[19, 88, 91, 106, 109, 124, 127] (0.95957487751084269)
[19, 88, 91, 106, 109, 127] (0.97075062539781221)
[19, 88, 91, 106, 124] (0.95957487751084269)
[19, 88, 91, 106, 124, 127] (0.95957487751084269)
[19, 88, 91, 106, 127] (0.97075062539781221)
[19, 88, 91, 109] (0.98173394318871476)
[19, 88, 91, 109, 124] (0.96919638231419392)
[19, 88, 91, 109, 124, 127] (0.96919638231419392)
[19, 88, 91, 109, 127] (0.98037213020116343)
[19, 88, 91, 124] (0.97049898604141682)
[19, 88, 91, 124, 127] (0.97049898604141682)
[19, 88, 91, 127] (0.98167473392838644)
[19, 88, 106] (0.97211243838536343)
[19, 88, 106, 109] (0.97211243838536343)
[19, 88, 106, 109, 124] (0.95957487751084269)
[19, 88, 106, 109, 124, 127] (0.95957487751084269)
[19, 88, 106, 109, 127] (0.97075062539781221)
[19, 88, 106, 124] (0.95957487751084269)
[19, 88, 106, 124, 127] (0.95957487751084269)
[19, 88, 106, 127] (0.97075062539781221)
[19, 88, 109] (0.98173394318871476)
[19, 88, 109, 124] (0.96919638231419392)
[19, 88, 109, 124, 127] (0.96919638231419392)
[19, 88, 109, 127] (0.98037213020116343)
[19, 88, 124] (0.97049898604141682)
[19, 88, 124, 127] (0.97049898604141682)
[19, 88, 127] (0.98167473392838644)
[19, 91] (0.9911038086356706)
[19, 91, 103] (0.95087111624258036)
[19, 91, 103, 106] (0.95087111624258036)
[19, 91, 103, 106, 109] (0.95087111624258036)
[19, 91, 103, 109] (0.95087111624258036)
[19, 91, 106] (0.98017970010509647)
[19, 91, 106, 109] (0.98017970010509647)
[19, 91, 106, 109, 124] (0.96764213923057563)
[19, 91, 106, 109, 124, 127] (0.96764213923057563)
[19, 91, 106, 109, 127] (0.97881788711754514)
[19, 91, 106, 124] (0.96764213923057563)
[19, 91, 106, 124, 127] (0.96764213923057563)
[19, 91, 106, 127] (0.97881788711754514)
[19, 91, 109] (0.9898012049084477)
[19, 91, 109, 124] (0.97726364403392696)
[19, 91, 109, 124, 127] (0.97726364403392696)
[19, 91, 109, 127] (0.98843939192089647)
[19, 91, 124] (0.97856624776114987)
[19, 91, 124, 127] (0.97856624776114987)
[19, 91, 127] (0.98974199564811938)
[19, 103] (0.95211451070947495)
[19, 103, 106] (0.95211451070947495)
[19, 103, 106, 109] (0.95211451070947495)
[19, 103, 106, 109, 127] (0.95075269772192372)
[19, 103, 106, 127] (0.95075269772192372)
[19, 103, 109] (0.95211451070947495)
[19, 103, 109, 127] (0.95075269772192372)
[19, 103, 127] (0.95075269772192372)
[19, 106] (0.98142309457199106)
[19, 106, 109] (0.98142309457199106)
[19, 106, 109, 124] (0.96888553369747032)
[19, 106, 109, 124, 127] (0.96888553369747032)
[19, 106, 109, 127] (0.98006128158443984)
[19, 106, 124] (0.96888553369747032)
[19, 106, 124, 127] (0.96888553369747032)
[19, 106, 127] (0.98006128158443984)
[19, 109] (0.99104459937534228)
[19, 109, 124] (0.97850703850082155)
[19, 109, 124, 127] (0.97850703850082155)
[19, 109, 127] (0.98968278638779106)
[19, 124] (0.97980964222804445)
[19, 124, 127] (0.97980964222804445)
[19, 127] (0.99098539011501396)
[34] (0.96517015261186845)
[34, 37] (0.96517015261186845)
[34, 37, 55] (0.95757656497476207)
[34, 37, 55, 75] (0.95295824266915341)
[34, 37, 55, 75, 91] (0.95171484820225882)
[34, 37, 55, 75, 91, 109] (0.95041224447503592)
[34, 37, 55, 75, 91, 127] (0.9503530352147076)
[34, 37, 55, 75, 109] (0.9516556389419305)
[34, 37, 55, 75, 109, 127] (0.95029382595437928)
[34, 37, 55, 75, 127] (0.95159642968160219)
[34, 37, 55, 91] (0.95633317050786748)
[34, 37, 55, 91, 109] (0.95503056678064446)
[34, 37, 55, 91, 109, 127] (0.95366875379309324)
[34, 37, 55, 91, 127] (0.95497135752031614)
[34, 37, 55, 109] (0.95627396124753916)
[34, 37, 55, 109, 127] (0.95491214825998783)
[34, 37, 55, 127] (0.95621475198721084)
[34, 37, 75] (0.9605518303062599)
[34, 37, 75, 88] (0.95124117411963227)
[34, 37, 75, 88, 91] (0.95124117411963227)
[34, 37, 75, 91] (0.95930843583936531)
[34, 37, 75, 91, 109] (0.9580058321121423)
[34, 37, 75, 91, 109, 127] (0.95664401912459107)
[34, 37, 75, 91, 127] (0.95794662285181398)
[34, 37, 75, 109] (0.959249226579037)
[34, 37, 75, 109, 127] (0.95788741359148566)
[34, 37, 75, 127] (0.95919001731870868)
[34, 37, 88] (0.95585949642524093)
[34, 37, 88, 91] (0.95585949642524093)
[34, 37, 88, 91, 109] (0.95455689269801802)
[34, 37, 88, 91, 109, 127] (0.95319507971046669)
[34, 37, 88, 91, 127] (0.9544976834376897)
[34, 37, 88, 109] (0.95455689269801802)
[34, 37, 88, 109, 127] (0.95319507971046669)
[34, 37, 88, 127] (0.9544976834376897)
[34, 37, 91] (0.96392675814497386)
[34, 37, 91, 106] (0.95300264961439973)
[34, 37, 91, 106, 109] (0.95300264961439973)
[34, 37, 91, 106, 109, 127] (0.9516408366268484)
[34, 37, 91, 106, 127] (0.9516408366268484)
[34, 37, 91, 109] (0.96262415441775095)
[34, 37, 91, 109, 124] (0.95008659354323011)
[34, 37, 91, 109, 124, 127] (0.95008659354323011)
[34, 37, 91, 109, 127] (0.96126234143019973)
[34, 37, 91, 124] (0.95138919727045312)
[34, 37, 91, 124, 127] (0.95138919727045312)
[34, 37, 91, 127] (0.96256494515742264)
[34, 37, 106] (0.95424604408129432)
[34, 37, 106, 109] (0.95424604408129432)
[34, 37, 106, 109, 127] (0.95288423109374309)
[34, 37, 106, 127] (0.95288423109374309)
[34, 37, 109] (0.96386754888464554)
[34, 37, 109, 124] (0.95132998801012481)
[34, 37, 109, 124, 127] (0.95132998801012481)
[34, 37, 109, 127] (0.96250573589709432)
[34, 37, 124] (0.95263259173734771)
[34, 37, 124, 127] (0.95263259173734771)
[34, 37, 127] (0.96380833962431722)
[34, 55] (0.95757656497476207)
[34, 55, 75] (0.95295824266915341)
[34, 55, 75, 91] (0.95171484820225882)
[34, 55, 75, 91, 109] (0.95041224447503592)
[34, 55, 75, 91, 127] (0.9503530352147076)
[34, 55, 75, 109] (0.9516556389419305)
[34, 55, 75, 109, 127] (0.95029382595437928)
[34, 55, 75, 127] (0.95159642968160219)
[34, 55, 91] (0.95633317050786748)
[34, 55, 91, 109] (0.95503056678064446)
[34, 55, 91, 109, 127] (0.95366875379309324)
[34, 55, 91, 127] (0.95497135752031614)
[34, 55, 109] (0.95627396124753916)
[34, 55, 109, 127] (0.95491214825998783)
[34, 55, 127] (0.95621475198721084)
[34, 75] (0.9605518303062599)
[34, 75, 88] (0.95124117411963227)
[34, 75, 88, 91] (0.95124117411963227)
[34, 75, 91] (0.95930843583936531)
[34, 75, 91, 109] (0.9580058321121423)
[34, 75, 91, 109, 127] (0.95664401912459107)
[34, 75, 91, 127] (0.95794662285181398)
[34, 75, 109] (0.959249226579037)
[34, 75, 109, 127] (0.95788741359148566)
[34, 75, 127] (0.95919001731870868)
[34, 88] (0.95585949642524093)
[34, 88, 91] (0.95585949642524093)
[34, 88, 91, 109] (0.95455689269801802)
[34, 88, 91, 109, 127] (0.95319507971046669)
[34, 88, 91, 127] (0.9544976834376897)
[34, 88, 109] (0.95455689269801802)
[34, 88, 109, 127] (0.95319507971046669)
[34, 88, 127] (0.9544976834376897)
[34, 91] (0.96392675814497386)
[34, 91, 106] (0.95300264961439973)
[34, 91, 106, 109] (0.95300264961439973)
[34, 91, 106, 109, 127] (0.9516408366268484)
[34, 91, 106, 127] (0.9516408366268484)
[34, 91, 109] (0.96262415441775095)
[34, 91, 109, 124] (0.95008659354323011)
[34, 91, 109, 124, 127] (0.95008659354323011)
[34, 91, 109, 127] (0.96126234143019973)
[34, 91, 124] (0.95138919727045312)
[34, 91, 124, 127] (0.95138919727045312)
[34, 91, 127] (0.96256494515742264)
[34, 106] (0.95424604408129432)
[34, 106, 109] (0.95424604408129432)
[34, 106, 109, 127] (0.95288423109374309)
[34, 106, 127] (0.95288423109374309)
[34, 109] (0.96386754888464554)
[34, 109, 124] (0.95132998801012481)
[34, 109, 124, 127] (0.95132998801012481)
[34, 109, 127] (0.96250573589709432)
[34, 124] (0.95263259173734771)
[34, 124, 127] (0.95263259173734771)
[34, 127] (0.96380833962431722)
[37] (0.9923768077327294)
[37, 52] (0.95664401912459107)
[37, 52, 55] (0.95664401912459107)
[37, 52, 55, 75] (0.95202569681898253)
[37, 52, 55, 75, 91] (0.95078230235208783)
[37, 52, 55, 75, 109] (0.95072309309175951)
[37, 52, 55, 75, 127] (0.95066388383143119)
[37, 52, 55, 91] (0.95540062465769648)
[37, 52, 55, 91, 109] (0.95409802093047358)
[37, 52, 55, 91, 109, 127] (0.95273620794292224)
[37, 52, 55, 91, 127] (0.95403881167014526)
[37, 52, 55, 109] (0.95534141539736817)
[37, 52, 55, 109, 127] (0.95397960240981694)
[37, 52, 55, 127] (0.95528220613703985)
[37, 52, 75] (0.95202569681898253)
[37, 52, 75, 91] (0.95078230235208783)
[37, 52, 75, 109] (0.95072309309175951)
[37, 52, 75, 127] (0.95066388383143119)
[37, 52, 91] (0.95540062465769648)
[37, 52, 91, 109] (0.95409802093047358)
[37, 52, 91, 109, 127] (0.95273620794292224)
[37, 52, 91, 127] (0.95403881167014526)
[37, 52, 109] (0.95534141539736817)
[37, 52, 109, 127] (0.95397960240981694)
[37, 52, 127] (0.95528220613703985)
[37, 55] (0.98478322009562291)
[37, 55, 72] (0.96234291043119147)
[37, 55, 72, 75] (0.96234291043119147)
[37, 55, 72, 75, 88] (0.95303225424456384)
[37, 55, 72, 75, 88, 91] (0.95303225424456384)
[37, 55, 72, 75, 88, 91, 109] (0.95172965051734093)
[37, 55, 72, 75, 88, 91, 109, 127] (0.95036783752978971)
[37, 55, 72, 75, 88, 91, 127] (0.95167044125701261)
[37, 55, 72, 75, 88, 109] (0.95172965051734093)
[37, 55, 72, 75, 88, 109, 127] (0.95036783752978971)
[37, 55, 72, 75, 88, 127] (0.95167044125701261)
[37, 55, 72, 75, 91] (0.96109951596429677)
[37, 55, 72, 75, 91, 106] (0.95017540743372264)
[37, 55, 72, 75, 91, 106, 109] (0.95017540743372264)
[37, 55, 72, 75, 91, 109] (0.95979691223707386)
[37, 55, 72, 75, 91, 109, 127] (0.95843509924952264)
[37, 55, 72, 75, 91, 127] (0.95973770297674554)
[37, 55, 72, 75, 106] (0.95141880190061723)
[37, 55, 72, 75, 106, 109] (0.95141880190061723)
[37, 55, 72, 75, 106, 109, 127] (0.950056988913066)
[37, 55, 72, 75, 106, 127] (0.950056988913066)
[37, 55, 72, 75, 109] (0.96104030670396845)
[37, 55, 72, 75, 109, 127] (0.95967849371641722)
[37, 55, 72, 75, 127] (0.96098109744364013)
[37, 55, 72, 88] (0.95303225424456384)
[37, 55, 72, 88, 91] (0.95303225424456384)
[37, 55, 72, 88, 91, 109] (0.95172965051734093)
[37, 55, 72, 88, 91, 109, 127] (0.95036783752978971)
[37, 55, 72, 88, 91, 127] (0.95167044125701261)
[37, 55, 72, 88, 109] (0.95172965051734093)
[37, 55, 72, 88, 109, 127] (0.95036783752978971)
[37, 55, 72, 88, 127] (0.95167044125701261)
[37, 55, 72, 91] (0.96109951596429677)
[37, 55, 72, 91, 106] (0.95017540743372264)
[37, 55, 72, 91, 106, 109] (0.95017540743372264)
[37, 55, 72, 91, 109] (0.95979691223707386)
[37, 55, 72, 91, 109, 127] (0.95843509924952264)
[37, 55, 72, 91, 127] (0.95973770297674554)
[37, 55, 72, 106] (0.95141880190061723)
[37, 55, 72, 106, 109] (0.95141880190061723)
[37, 55, 72, 106, 109, 127] (0.950056988913066)
[37, 55, 72, 106, 127] (0.950056988913066)
[37, 55, 72, 109] (0.96104030670396845)
[37, 55, 72, 109, 127] (0.95967849371641722)
[37, 55, 72, 127] (0.96098109744364013)
[37, 55, 75] (0.98016489779001437)
[37, 55, 75, 88] (0.97085424160338674)
[37, 55, 75, 88, 91] (0.97085424160338674)
[37, 55, 75, 88, 91, 106] (0.95993013307281261)
[37, 55, 75, 88, 91, 106, 109] (0.95993013307281261)
[37, 55, 75, 88, 91, 106, 109, 127] (0.95856832008526138)
[37, 55, 75, 88, 91, 106, 127] (0.95856832008526138)
[37, 55, 75, 88, 91, 109] (0.96955163787616383)
[37, 55, 75, 88, 91, 109, 124] (0.95701407700164309)
[37, 55, 75, 88, 91, 109, 124, 127] (0.95701407700164309)
[37, 55, 75, 88, 91, 109, 127] (0.9681898248886126)
[37, 55, 75, 88, 91, 124] (0.958316680728866)
[37, 55, 75, 88, 91, 124, 127] (0.958316680728866)
[37, 55, 75, 88, 91, 127] (0.96949242861583551)
[37, 55, 75, 88, 106] (0.95993013307281261)
[37, 55, 75, 88, 106, 109] (0.95993013307281261)
[37, 55, 75, 88, 106, 109, 127] (0.95856832008526138)
[37, 55, 75, 88, 106, 127] (0.95856832008526138)
[37, 55, 75, 88, 109] (0.96955163787616383)
[37, 55, 75, 88, 109, 124] (0.95701407700164309)
[37, 55, 75, 88, 109, 124, 127] (0.95701407700164309)
[37, 55, 75, 88, 109, 127] (0.9681898248886126)
[37, 55, 75, 88, 124] (0.958316680728866)
[37, 55, 75, 88, 124, 127] (0.958316680728866)
[37, 55, 75, 88, 127] (0.96949242861583551)
[37, 55, 75, 91] (0.97892150332311978)
[37, 55, 75, 91, 106] (0.96799739479254554)
[37, 55, 75, 91, 106, 109] (0.96799739479254554)
[37, 55, 75, 91, 106, 109, 124] (0.9554598339180248)
[37, 55, 75, 91, 106, 109, 124, 127] (0.9554598339180248)
[37, 55, 75, 91, 106, 109, 127] (0.96663558180499431)
[37, 55, 75, 91, 106, 124] (0.9554598339180248)
[37, 55, 75, 91, 106, 124, 127] (0.9554598339180248)
[37, 55, 75, 91, 106, 127] (0.96663558180499431)
[37, 55, 75, 91, 109] (0.97761889959589676)
[37, 55, 75, 91, 109, 124] (0.96508133872137603)
[37, 55, 75, 91, 109, 124, 127] (0.96508133872137603)
[37, 55, 75, 91, 109, 127] (0.97625708660834554)
[37, 55, 75, 91, 124] (0.96638394244859893)
[37, 55, 75, 91, 124, 127] (0.96638394244859893)
[37, 55, 75, 91, 127] (0.97755969033556844)
[37, 55, 75, 106] (0.96924078925944013)
[37, 55, 75, 106, 109] (0.96924078925944013)
[37, 55, 75, 106, 109, 124] (0.95670322838491939)
[37, 55, 75, 106, 109, 124, 127] (0.95670322838491939)
[37, 55, 75, 106, 109, 127] (0.9678789762718889)
[37, 55, 75, 106, 124] (0.95670322838491939)
[37, 55, 75, 106, 124, 127] (0.95670322838491939)
[37, 55, 75, 106, 127] (0.9678789762718889)
[37, 55, 75, 109] (0.97886229406279146)
[37, 55, 75, 109, 124] (0.96632473318827061)
[37, 55, 75, 109, 124, 127] (0.96632473318827061)
[37, 55, 75, 109, 127] (0.97750048107524012)
[37, 55, 75, 124] (0.96762733691549363)
[37, 55, 75, 124, 127] (0.96762733691549363)
[37, 55, 75, 127] (0.97880308480246314)
[37, 55, 85] (0.95359474221768281)
[37, 55, 85, 88] (0.95359474221768281)
[37, 55, 85, 88, 91] (0.95359474221768281)
[37, 55, 85, 88, 91, 109] (0.95229213849045991)
[37, 55, 85, 88, 91, 109, 127] (0.95093032550290868)
[37, 55, 85, 88, 91, 127] (0.95223292923013159)
[37, 55, 85, 88, 109] (0.95229213849045991)
[37, 55, 85, 88, 109, 127] (0.95093032550290868)
[37, 55, 85, 88, 127] (0.95223292923013159)
[37, 55, 85, 91] (0.95359474221768281)
[37, 55, 85, 91, 109] (0.95229213849045991)
[37, 55, 85, 91, 109, 127] (0.95093032550290868)
[37, 55, 85, 91, 127] (0.95223292923013159)
[37, 55, 85, 109] (0.95229213849045991)
[37, 55, 85, 109, 127] (0.95093032550290868)
[37, 55, 85, 127] (0.95223292923013159)
[37, 55, 88] (0.97547256390899539)
[37, 55, 88, 91] (0.97547256390899539)
[37, 55, 88, 91, 106] (0.96454845537842115)
[37, 55, 88, 91, 106, 109] (0.96454845537842115)
[37, 55, 88, 91, 106, 109, 124] (0.95201089450390042)
[37, 55, 88, 91, 106, 109, 124, 127] (0.95201089450390042)
[37, 55, 88, 91, 106, 109, 127] (0.96318664239086993)
[37, 55, 88, 91, 106, 124] (0.95201089450390042)
[37, 55, 88, 91, 106, 124, 127] (0.95201089450390042)
[37, 55, 88, 91, 106, 127] (0.96318664239086993)
[37, 55, 88, 91, 109] (0.97416996018177238)
[37, 55, 88, 91, 109, 124] (0.96163239930725164)
[37, 55, 88, 91, 109, 124, 127] (0.96163239930725164)
[37, 55, 88, 91, 109, 127] (0.97280814719422115)
[37, 55, 88, 91, 124] (0.96293500303447455)
[37, 55, 88, 91, 124, 127] (0.96293500303447455)
[37, 55, 88, 91, 127] (0.97411075092144417)
[37, 55, 88, 106] (0.96454845537842115)
[37, 55, 88, 106, 109] (0.96454845537842115)
[37, 55, 88, 106, 109, 124] (0.95201089450390042)
[37, 55, 88, 106, 109, 124, 127] (0.95201089450390042)
[37, 55, 88, 106, 109, 127] (0.96318664239086993)
[37, 55, 88, 106, 124] (0.95201089450390042)
[37, 55, 88, 106, 124, 127] (0.95201089450390042)
[37, 55, 88, 106, 127] (0.96318664239086993)
[37, 55, 88, 109] (0.97416996018177238)
[37, 55, 88, 109, 124] (0.96163239930725164)
[37, 55, 88, 109, 124, 127] (0.96163239930725164)
[37, 55, 88, 109, 127] (0.97280814719422115)
[37, 55, 88, 124] (0.96293500303447455)
[37, 55, 88, 124, 127] (0.96293500303447455)
[37, 55, 88, 127] (0.97411075092144417)
[37, 55, 91] (0.98353982562872833)
[37, 55, 91, 106] (0.9726157170981542)
[37, 55, 91, 106, 109] (0.9726157170981542)
[37, 55, 91, 106, 109, 124] (0.96007815622363335)
[37, 55, 91, 106, 109, 124, 127] (0.96007815622363335)
[37, 55, 91, 106, 109, 127] (0.97125390411060286)
[37, 55, 91, 106, 124] (0.96007815622363335)
[37, 55, 91, 106, 124, 127] (0.96007815622363335)
[37, 55, 91, 106, 127] (0.97125390411060286)
[37, 55, 91, 109] (0.98223722190150542)
[37, 55, 91, 109, 124] (0.96969966102698457)
[37, 55, 91, 109, 124, 127] (0.96969966102698457)
[37, 55, 91, 109, 127] (0.98087540891395419)
[37, 55, 91, 124] (0.97100226475420759)
[37, 55, 91, 124, 127] (0.97100226475420759)
[37, 55, 91, 127] (0.9821780126411771)
[37, 55, 106] (0.97385911156504879)
[37, 55, 106, 109] (0.97385911156504879)
[37, 55, 106, 109, 124] (0.96132155069052805)
[37, 55, 106, 109, 124, 127] (0.96132155069052805)
[37, 55, 106, 109, 127] (0.97249729857749756)
[37, 55, 106, 124] (0.96132155069052805)
[37, 55, 106, 124, 127] (0.96132155069052805)
[37, 55, 106, 127] (0.97249729857749756)
[37, 55, 109] (0.98348061636840001)
[37, 55, 109, 124] (0.97094305549387927)
[37, 55, 109, 124, 127] (0.97094305549387927)
[37, 55, 109, 127] (0.98211880338084878)
[37, 55, 124] (0.97224565922110218)
[37, 55, 124, 127] (0.97224565922110218)
[37, 55, 127] (0.98342140710807169)
[37, 72] (0.96993649806829785)
[37, 72, 75] (0.96993649806829785)
[37, 72, 75, 88] (0.96062584188167033)
[37, 72, 75, 88, 91] (0.96062584188167033)
[37, 72, 75, 88, 91, 109] (0.95932323815444731)
[37, 72, 75, 88, 91, 109, 127] (0.95796142516689609)
[37, 72, 75, 88, 91, 127] (0.95926402889411899)
[37, 72, 75, 88, 109] (0.95932323815444731)
[37, 72, 75, 88, 109, 127] (0.95796142516689609)
[37, 72, 75, 88, 127] (0.95926402889411899)
[37, 72, 75, 91] (0.96869310360140326)
[37, 72, 75, 91, 106] (0.95776899507082913)
[37, 72, 75, 91, 106, 109] (0.95776899507082913)
[37, 72, 75, 91, 106, 109, 127] (0.9564071820832778)
[37, 72, 75, 91, 106, 127] (0.9564071820832778)
[37, 72, 75, 91, 109] (0.96739049987418035)
[37, 72, 75, 91, 109, 124] (0.95485293899965951)
[37, 72, 75, 91, 109, 124, 127] (0.95485293899965951)
[37, 72, 75, 91, 109, 127] (0.96602868688662902)
[37, 72, 75, 91, 124] (0.95615554272688252)
[37, 72, 75, 91, 124, 127] (0.95615554272688252)
[37, 72, 75, 91, 127] (0.96733129061385204)
[37, 72, 75, 106] (0.95901238953772372)
[37, 72, 75, 106, 109] (0.95901238953772372)
[37, 72, 75, 106, 109, 127] (0.95765057655017249)
[37, 72, 75, 106, 127] (0.95765057655017249)
[37, 72, 75, 109] (0.96863389434107494)
[37, 72, 75, 109, 124] (0.9560963334665542)
[37, 72, 75, 109, 124, 127] (0.9560963334665542)
[37, 72, 75, 109, 127] (0.96727208135352372)
[37, 72, 75, 124] (0.95739893719377711)
[37, 72, 75, 124, 127] (0.95739893719377711)
[37, 72, 75, 127] (0.96857468508074662)
[37, 72, 88] (0.96062584188167033)
[37, 72, 88, 91] (0.96062584188167033)
[37, 72, 88, 91, 109] (0.95932323815444731)
[37, 72, 88, 91, 109, 127] (0.95796142516689609)
[37, 72, 88, 91, 127] (0.95926402889411899)
[37, 72, 88, 109] (0.95932323815444731)
[37, 72, 88, 109, 127] (0.95796142516689609)
[37, 72, 88, 127] (0.95926402889411899)
[37, 72, 91] (0.96869310360140326)
[37, 72, 91, 106] (0.95776899507082913)
[37, 72, 91, 106, 109] (0.95776899507082913)
[37, 72, 91, 106, 109, 127] (0.9564071820832778)
[37, 72, 91, 106, 127] (0.9564071820832778)
[37, 72, 91, 109] (0.96739049987418035)
[37, 72, 91, 109, 124] (0.95485293899965951)
[37, 72, 91, 109, 124, 127] (0.95485293899965951)
[37, 72, 91, 109, 127] (0.96602868688662902)
[37, 72, 91, 124] (0.95615554272688252)
[37, 72, 91, 124, 127] (0.95615554272688252)
[37, 72, 91, 127] (0.96733129061385204)
[37, 72, 106] (0.95901238953772372)
[37, 72, 106, 109] (0.95901238953772372)
[37, 72, 106, 109, 127] (0.95765057655017249)
[37, 72, 106, 127] (0.95765057655017249)
[37, 72, 109] (0.96863389434107494)
[37, 72, 109, 124] (0.9560963334665542)
[37, 72, 109, 124, 127] (0.9560963334665542)
[37, 72, 109, 127] (0.96727208135352372)
[37, 72, 124] (0.95739893719377711)
[37, 72, 124, 127] (0.95739893719377711)
[37, 72, 127] (0.96857468508074662)
[37, 75] (0.98775848542712075)
[37, 75, 85] (0.95657000754918065)
[37, 75, 85, 88] (0.95657000754918065)
[37, 75, 85, 88, 91] (0.95657000754918065)
[37, 75, 85, 88, 91, 109] (0.95526740382195774)
[37, 75, 85, 88, 91, 109, 127] (0.95390559083440651)
[37, 75, 85, 88, 91, 127] (0.95520819456162942)
[37, 75, 85, 88, 109] (0.95526740382195774)
[37, 75, 85, 88, 109, 127] (0.95390559083440651)
[37, 75, 85, 88, 127] (0.95520819456162942)
[37, 75, 85, 91] (0.95657000754918065)
[37, 75, 85, 91, 109] (0.95526740382195774)
[37, 75, 85, 91, 109, 127] (0.95390559083440651)
[37, 75, 85, 91, 127] (0.95520819456162942)
[37, 75, 85, 109] (0.95526740382195774)
[37, 75, 85, 109, 127] (0.95390559083440651)
[37, 75, 85, 127] (0.95520819456162942)
[37, 75, 88] (0.97844782924049323)
[37, 75, 88, 91] (0.97844782924049323)
[37, 75, 88, 91, 106] (0.96752372070991899)
[37, 75, 88, 91, 106, 109] (0.96752372070991899)
[37, 75, 88, 91, 106, 109, 124] (0.95498615983539825)
[37, 75, 88, 91, 106, 109, 124, 127] (0.95498615983539825)
[37, 75, 88, 91, 106, 109, 127] (0.96616190772236776)
[37, 75, 88, 91, 106, 124] (0.95498615983539825)
[37, 75, 88, 91, 106, 124, 127] (0.95498615983539825)
[37, 75, 88, 91, 106, 127] (0.96616190772236776)
[37, 75, 88, 91, 109] (0.97714522551327032)
[37, 75, 88, 91, 109, 124] (0.96460766463874947)
[37, 75, 88, 91, 109, 124, 127] (0.96460766463874947)
[37, 75, 88, 91, 109, 127] (0.97578341252571899)
[37, 75, 88, 91, 124] (0.96591026836597249)
[37, 75, 88, 91, 124, 127] (0.96591026836597249)
[37, 75, 88, 91, 127] (0.977086016252942)
[37, 75, 88, 106] (0.96752372070991899)
[37, 75, 88, 106, 109] (0.96752372070991899)
[37, 75, 88, 106, 109, 124] (0.95498615983539825)
[37, 75, 88, 106, 109, 124, 127] (0.95498615983539825)
[37, 75, 88, 106, 109, 127] (0.96616190772236776)
[37, 75, 88, 106, 124] (0.95498615983539825)
[37, 75, 88, 106, 124, 127] (0.95498615983539825)
[37, 75, 88, 106, 127] (0.96616190772236776)
[37, 75, 88, 109] (0.97714522551327032)
[37, 75, 88, 109, 124] (0.96460766463874947)
[37, 75, 88, 109, 124, 127] (0.96460766463874947)
[37, 75, 88, 109, 127] (0.97578341252571899)
[37, 75, 88, 124] (0.96591026836597249)
[37, 75, 88, 124, 127] (0.96591026836597249)
[37, 75, 88, 127] (0.977086016252942)
[37, 75, 91] (0.98651509096022616)
[37, 75, 91, 106] (0.97559098242965203)
[37, 75, 91, 106, 109] (0.97559098242965203)
[37, 75, 91, 106, 109, 124] (0.96305342155513118)
[37, 75, 91, 106, 109, 124, 127] (0.96305342155513118)
[37, 75, 91, 106, 109, 127] (0.9742291694421007)
[37, 75, 91, 106, 124] (0.96305342155513118)
[37, 75, 91, 106, 124, 127] (0.96305342155513118)
[37, 75, 91, 106, 127] (0.9742291694421007)
[37, 75, 91, 109] (0.98521248723300325)
[37, 75, 91, 109, 124] (0.97267492635848252)
[37, 75, 91, 109, 124, 127] (0.97267492635848252)
[37, 75, 91, 109, 127] (0.98385067424545203)
[37, 75, 91, 124] (0.97397753008570542)
[37, 75, 91, 124, 127] (0.97397753008570542)
[37, 75, 91, 127] (0.98515327797267493)
[37, 75, 106] (0.97683437689654662)
[37, 75, 106, 109] (0.97683437689654662)
[37, 75, 106, 109, 124] (0.96429681602202588)
[37, 75, 106, 109, 124, 127] (0.96429681602202588)
[37, 75, 106, 109, 127] (0.97547256390899539)
[37, 75, 106, 124] (0.96429681602202588)
[37, 75, 106, 124, 127] (0.96429681602202588)
[37, 75, 106, 127] (0.97547256390899539)
[37, 75, 109] (0.98645588169989784)
[37, 75, 109, 124] (0.9739183208253771)
[37, 75, 109, 124, 127] (0.9739183208253771)
[37, 75, 109, 127] (0.98509406871234662)
[37, 75, 124] (0.97522092455260001)
[37, 75, 124, 127] (0.97522092455260001)
[37, 75, 127] (0.98639667243956952)
[37, 85] (0.9611883298547893)
[37, 85, 88] (0.9611883298547893)
[37, 85, 88, 91] (0.9611883298547893)
[37, 85, 88, 91, 106] (0.95026422132421506)
[37, 85, 88, 91, 106, 109] (0.95026422132421506)
[37, 85, 88, 91, 109] (0.9598857261275664)
[37, 85, 88, 91, 109, 127] (0.95852391314001506)
[37, 85, 88, 91, 127] (0.95982651686723808)
[37, 85, 88, 106] (0.95026422132421506)
[37, 85, 88, 106, 109] (0.95026422132421506)
[37, 85, 88, 109] (0.9598857261275664)
[37, 85, 88, 109, 127] (0.95852391314001506)
[37, 85, 88, 127] (0.95982651686723808)
[37, 85, 91] (0.9611883298547893)
[37, 85, 91, 106] (0.95026422132421506)
[37, 85, 91, 106, 109] (0.95026422132421506)
[37, 85, 91, 109] (0.9598857261275664)
[37, 85, 91, 109, 127] (0.95852391314001506)
[37, 85, 91, 127] (0.95982651686723808)
[37, 85, 106] (0.95026422132421506)
[37, 85, 106, 109] (0.95026422132421506)
[37, 85, 109] (0.9598857261275664)
[37, 85, 109, 127] (0.95852391314001506)
[37, 85, 127] (0.95982651686723808)
[37, 88] (0.98306615154610177)
[37, 88, 91] (0.98306615154610177)
[37, 88, 91, 106] (0.97214204301552765)
[37, 88, 91, 106, 109] (0.97214204301552765)
[37, 88, 91, 106, 109, 124] (0.9596044821410068)
[37, 88, 91, 106, 109, 124, 127] (0.9596044821410068)
[37, 88, 91, 106, 109, 127] (0.97078023002797642)
[37, 88, 91, 106, 124] (0.9596044821410068)
[37, 88, 91, 106, 124, 127] (0.9596044821410068)
[37, 88, 91, 106, 127] (0.97078023002797642)
[37, 88, 91, 109] (0.98176354781887887)
[37, 88, 91, 109, 124] (0.96922598694435813)
[37, 88, 91, 109, 124, 127] (0.96922598694435813)
[37, 88, 91, 109, 127] (0.98040173483132764)
[37, 88, 91, 124] (0.97052859067158104)
[37, 88, 91, 124, 127] (0.97052859067158104)
[37, 88, 91, 127] (0.98170433855855055)
[37, 88, 106] (0.97214204301552765)
[37, 88, 106, 109] (0.97214204301552765)
[37, 88, 106, 109, 124] (0.9596044821410068)
[37, 88, 106, 109, 124, 127] (0.9596044821410068)
[37, 88, 106, 109, 127] (0.97078023002797642)
[37, 88, 106, 124] (0.9596044821410068)
[37, 88, 106, 124, 127] (0.9596044821410068)
[37, 88, 106, 127] (0.97078023002797642)
[37, 88, 109] (0.98176354781887887)
[37, 88, 109, 124] (0.96922598694435813)
[37, 88, 109, 124, 127] (0.96922598694435813)
[37, 88, 109, 127] (0.98040173483132764)
[37, 88, 124] (0.97052859067158104)
[37, 88, 124, 127] (0.97052859067158104)
[37, 88, 127] (0.98170433855855055)
[37, 91] (0.99113341326583482)
[37, 91, 103] (0.95090072087274446)
[37, 91, 103, 106] (0.95090072087274446)
[37, 91, 103, 106, 109] (0.95090072087274446)
[37, 91, 103, 109] (0.95090072087274446)
[37, 91, 106] (0.98020930473526058)
[37, 91, 106, 109] (0.98020930473526058)
[37, 91, 106, 109, 124] (0.96767174386073984)
[37, 91, 106, 109, 124, 127] (0.96767174386073984)
[37, 91, 106, 109, 127] (0.97884749174770935)
[37, 91, 106, 124] (0.96767174386073984)
[37, 91, 106, 124, 127] (0.96767174386073984)
[37, 91, 106, 127] (0.97884749174770935)
[37, 91, 109] (0.9898308095386118)
[37, 91, 109, 124] (0.97729324866409106)
[37, 91, 109, 124, 127] (0.97729324866409106)
[37, 91, 109, 127] (0.98846899655106057)
[37, 91, 124] (0.97859585239131397)
[37, 91, 124, 127] (0.97859585239131397)
[37, 91, 127] (0.98977160027828348)
[37, 103] (0.95214411533963916)
[37, 103, 106] (0.95214411533963916)
[37, 103, 106, 109] (0.95214411533963916)
[37, 103, 106, 109, 127] (0.95078230235208783)
[37, 103, 106, 127] (0.95078230235208783)
[37, 103, 109] (0.95214411533963916)
[37, 103, 109, 127] (0.95078230235208783)
[37, 103, 127] (0.95078230235208783)
[37, 106] (0.98145269920215517)
[37, 106, 109] (0.98145269920215517)
[37, 106, 109, 124] (0.96891513832763443)
[37, 106, 109, 124, 127] (0.96891513832763443)
[37, 106, 109, 127] (0.98009088621460394)
[37, 106, 124] (0.96891513832763443)
[37, 106, 124, 127] (0.96891513832763443)
[37, 106, 127] (0.98009088621460394)
[37, 109] (0.9910742040055065)
[37, 109, 124] (0.97853664313098565)
[37, 109, 124, 127] (0.97853664313098565)
[37, 109, 127] (0.98971239101795516)
[37, 124] (0.97983924685820867)
[37, 124, 127] (0.97983924685820867)
[37, 127] (0.99101499474517818)
[52] (0.96426721139186167)
[52, 55] (0.96426721139186167)
[52, 55, 75] (0.95964888908625312)
[52, 55, 75, 88] (0.95033823289962549)
[52, 55, 75, 88, 91] (0.95033823289962549)
[52, 55, 75, 91] (0.95840549461935842)
[52, 55, 75, 91, 109] (0.95710289089213552)
[52, 55, 75, 91, 109, 127] (0.95574107790458429)
[52, 55, 75, 91, 127] (0.9570436816318072)
[52, 55, 75, 109] (0.9583462853590301)
[52, 55, 75, 109, 127] (0.95698447237147888)
[52, 55, 75, 127] (0.95828707609870178)
[52, 55, 88] (0.95495655520523415)
[52, 55, 88, 91] (0.95495655520523415)
[52, 55, 88, 91, 109] (0.95365395147801113)
[52, 55, 88, 91, 109, 127] (0.95229213849045991)
[52, 55, 88, 91, 127] (0.95359474221768281)
[52, 55, 88, 109] (0.95365395147801113)
[52, 55, 88, 109, 127] (0.95229213849045991)
[52, 55, 88, 127] (0.95359474221768281)
[52, 55, 91] (0.96302381692496708)
[52, 55, 91, 106] (0.95209970839439284)
[52, 55, 91, 106, 109] (0.95209970839439284)
[52, 55, 91, 106, 109, 127] (0.95073789540684162)
[52, 55, 91, 106, 127] (0.95073789540684162)
[52, 55, 91, 109] (0.96172121319774417)
[52, 55, 91, 109, 127] (0.96035940021019284)
[52, 55, 91, 124] (0.95048625605044634)
[52, 55, 91, 124, 127] (0.95048625605044634)
[52, 55, 91, 127] (0.96166200393741585)
[52, 55, 106] (0.95334310286128754)
[52, 55, 106, 109] (0.95334310286128754)
[52, 55, 106, 109, 127] (0.9519812898737362)
[52, 55, 106, 127] (0.9519812898737362)
[52, 55, 109] (0.96296460766463876)
[52, 55, 109, 124] (0.95042704679011802)
[52, 55, 109, 124, 127] (0.95042704679011802)
[52, 55, 109, 127] (0.96160279467708754)
[52, 55, 124] (0.95172965051734093)
[52, 55, 124, 127] (0.95172965051734093)
[52, 55, 127] (0.96290539840431044)
[52, 75] (0.95964888908625312)
[52, 75, 88] (0.95033823289962549)
[52, 75, 88, 91] (0.95033823289962549)
[52, 75, 91] (0.95840549461935842)
[52, 75, 91, 109] (0.95710289089213552)
[52, 75, 91, 109, 127] (0.95574107790458429)
[52, 75, 91, 127] (0.9570436816318072)
[52, 75, 109] (0.9583462853590301)
[52, 75, 109, 127] (0.95698447237147888)
[52, 75, 127] (0.95828707609870178)
[52, 88] (0.95495655520523415)
[52, 88, 91] (0.95495655520523415)
[52, 88, 91, 109] (0.95365395147801113)
[52, 88, 91, 109, 127] (0.95229213849045991)
[52, 88, 91, 127] (0.95359474221768281)
[52, 88, 109] (0.95365395147801113)
[52, 88, 109, 127] (0.95229213849045991)
[52, 88, 127] (0.95359474221768281)
[52, 91] (0.96302381692496708)
[52, 91, 106] (0.95209970839439284)
[52, 91, 106, 109] (0.95209970839439284)
[52, 91, 106, 109, 127] (0.95073789540684162)
[52, 91, 106, 127] (0.95073789540684162)
[52, 91, 109] (0.96172121319774417)
[52, 91, 109, 127] (0.96035940021019284)
[52, 91, 124] (0.95048625605044634)
[52, 91, 124, 127] (0.95048625605044634)
[52, 91, 127] (0.96166200393741585)
[52, 106] (0.95334310286128754)
[52, 106, 109] (0.95334310286128754)
[52, 106, 109, 127] (0.9519812898737362)
[52, 106, 127] (0.9519812898737362)
[52, 109] (0.96296460766463876)
[52, 109, 124] (0.95042704679011802)
[52, 109, 124, 127] (0.95042704679011802)
[52, 109, 127] (0.96160279467708754)
[52, 124] (0.95172965051734093)
[52, 124, 127] (0.95172965051734093)
[52, 127] (0.96290539840431044)
[55] (0.99240641236289351)
[55, 72] (0.96996610269846206)
[55, 72, 75] (0.96996610269846206)
[55, 72, 75, 88] (0.96065544651183443)
[55, 72, 75, 88, 91] (0.96065544651183443)
[55, 72, 75, 88, 91, 109] (0.95935284278461153)
[55, 72, 75, 88, 91, 109, 127] (0.9579910297970603)
[55, 72, 75, 88, 91, 127] (0.95929363352428321)
[55, 72, 75, 88, 109] (0.95935284278461153)
[55, 72, 75, 88, 109, 127] (0.9579910297970603)
[55, 72, 75, 88, 127] (0.95929363352428321)
[55, 72, 75, 91] (0.96872270823156736)
[55, 72, 75, 91, 106] (0.95779859970099324)
[55, 72, 75, 91, 106, 109] (0.95779859970099324)
[55, 72, 75, 91, 106, 109, 127] (0.95643678671344201)
[55, 72, 75, 91, 106, 127] (0.95643678671344201)
[55, 72, 75, 91, 109] (0.96742010450434446)
[55, 72, 75, 91, 109, 124] (0.95488254362982372)
[55, 72, 75, 91, 109, 124, 127] (0.95488254362982372)
[55, 72, 75, 91, 109, 127] (0.96605829151679323)
[55, 72, 75, 91, 124] (0.95618514735704663)
[55, 72, 75, 91, 124, 127] (0.95618514735704663)
[55, 72, 75, 91, 127] (0.96736089524401614)
[55, 72, 75, 106] (0.95904199416788782)
[55, 72, 75, 106, 109] (0.95904199416788782)
[55, 72, 75, 106, 109, 127] (0.9576801811803366)
[55, 72, 75, 106, 127] (0.9576801811803366)
[55, 72, 75, 109] (0.96866349897123916)
[55, 72, 75, 109, 124] (0.95612593809671831)
[55, 72, 75, 109, 124, 127] (0.95612593809671831)
[55, 72, 75, 109, 127] (0.96730168598368782)
[55, 72, 75, 124] (0.95742854182394121)
[55, 72, 75, 124, 127] (0.95742854182394121)
[55, 72, 75, 127] (0.96860428971091084)
[55, 72, 88] (0.96065544651183443)
[55, 72, 88, 91] (0.96065544651183443)
[55, 72, 88, 91, 109] (0.95935284278461153)
[55, 72, 88, 91, 109, 127] (0.9579910297970603)
[55, 72, 88, 91, 127] (0.95929363352428321)
[55, 72, 88, 109] (0.95935284278461153)
[55, 72, 88, 109, 127] (0.9579910297970603)
[55, 72, 88, 127] (0.95929363352428321)
[55, 72, 91] (0.96872270823156736)
[55, 72, 91, 106] (0.95779859970099324)
[55, 72, 91, 106, 109] (0.95779859970099324)
[55, 72, 91, 106, 109, 127] (0.95643678671344201)
[55, 72, 91, 106, 127] (0.95643678671344201)
[55, 72, 91, 109] (0.96742010450434446)
[55, 72, 91, 109, 124] (0.95488254362982372)
[55, 72, 91, 109, 124, 127] (0.95488254362982372)
[55, 72, 91, 109, 127] (0.96605829151679323)
[55, 72, 91, 124] (0.95618514735704663)
[55, 72, 91, 124, 127] (0.95618514735704663)
[55, 72, 91, 127] (0.96736089524401614)
[55, 72, 106] (0.95904199416788782)
[55, 72, 106, 109] (0.95904199416788782)
[55, 72, 106, 109, 127] (0.9576801811803366)
[55, 72, 106, 127] (0.9576801811803366)
[55, 72, 109] (0.96866349897123916)
[55, 72, 109, 124] (0.95612593809671831)
[55, 72, 109, 124, 127] (0.95612593809671831)
[55, 72, 109, 127] (0.96730168598368782)
[55, 72, 124] (0.95742854182394121)
[55, 72, 124, 127] (0.95742854182394121)
[55, 72, 127] (0.96860428971091084)
[55, 75] (0.98778809005728496)
[55, 75, 85] (0.95659961217934486)
[55, 75, 85, 88] (0.95659961217934486)
[55, 75, 85, 88, 91] (0.95659961217934486)
[55, 75, 85, 88, 91, 109] (0.95529700845212195)
[55, 75, 85, 88, 91, 109, 127] (0.95393519546457062)
[55, 75, 85, 88, 91, 127] (0.95523779919179364)
[55, 75, 85, 88, 109] (0.95529700845212195)
[55, 75, 85, 88, 109, 127] (0.95393519546457062)
[55, 75, 85, 88, 127] (0.95523779919179364)
[55, 75, 85, 91] (0.95659961217934486)
[55, 75, 85, 91, 109] (0.95529700845212195)
[55, 75, 85, 91, 109, 127] (0.95393519546457062)
[55, 75, 85, 91, 127] (0.95523779919179364)
[55, 75, 85, 109] (0.95529700845212195)
[55, 75, 85, 109, 127] (0.95393519546457062)
[55, 75, 85, 127] (0.95523779919179364)
[55, 75, 88] (0.97847743387065733)
[55, 75, 88, 91] (0.97847743387065733)
[55, 75, 88, 91, 106] (0.9675533253400832)
[55, 75, 88, 91, 106, 109] (0.9675533253400832)
[55, 75, 88, 91, 106, 109, 124] (0.95501576446556247)
[55, 75, 88, 91, 106, 109, 124, 127] (0.95501576446556247)
[55, 75, 88, 91, 106, 109, 127] (0.96619151235253198)
[55, 75, 88, 91, 106, 124] (0.95501576446556247)
[55, 75, 88, 91, 106, 124, 127] (0.95501576446556247)
[55, 75, 88, 91, 106, 127] (0.96619151235253198)
[55, 75, 88, 91, 109] (0.97717483014343443)
[55, 75, 88, 91, 109, 124] (0.96463726926891369)
[55, 75, 88, 91, 109, 124, 127] (0.96463726926891369)
[55, 75, 88, 91, 109, 127] (0.9758130171558832)
[55, 75, 88, 91, 124] (0.96593987299613659)
[55, 75, 88, 91, 124, 127] (0.96593987299613659)
[55, 75, 88, 91, 127] (0.97711562088310611)
[55, 75, 88, 106] (0.9675533253400832)
[55, 75, 88, 106, 109] (0.9675533253400832)
[55, 75, 88, 106, 109, 124] (0.95501576446556247)
[55, 75, 88, 106, 109, 124, 127] (0.95501576446556247)
[55, 75, 88, 106, 109, 127] (0.96619151235253198)
[55, 75, 88, 106, 124] (0.95501576446556247)
[55, 75, 88, 106, 124, 127] (0.95501576446556247)
[55, 75, 88, 106, 127] (0.96619151235253198)
[55, 75, 88, 109] (0.97717483014343443)
[55, 75, 88, 109, 124] (0.96463726926891369)
[55, 75, 88, 109, 124, 127] (0.96463726926891369)
[55, 75, 88, 109, 127] (0.9758130171558832)
[55, 75, 88, 124] (0.96593987299613659)
[55, 75, 88, 124, 127] (0.96593987299613659)
[55, 75, 88, 127] (0.97711562088310611)
[55, 75, 91] (0.98654469559039037)
[55, 75, 91, 106] (0.97562058705981614)
[55, 75, 91, 106, 109] (0.97562058705981614)
[55, 75, 91, 106, 109, 124] (0.9630830261852954)
[55, 75, 91, 106, 109, 124, 127] (0.9630830261852954)
[55, 75, 91, 106, 109, 127] (0.97425877407226491)
[55, 75, 91, 106, 124] (0.9630830261852954)
[55, 75, 91, 106, 124, 127] (0.9630830261852954)
[55, 75, 91, 106, 127] (0.97425877407226491)
[55, 75, 91, 109] (0.98524209186316736)
[55, 75, 91, 109, 124] (0.97270453098864662)
[55, 75, 91, 109, 124, 127] (0.97270453098864662)
[55, 75, 91, 109, 127] (0.98388027887561613)
[55, 75, 91, 124] (0.97400713471586953)
[55, 75, 91, 124, 127] (0.97400713471586953)
[55, 75, 91, 127] (0.98518288260283904)
[55, 75, 106] (0.97686398152671072)
[55, 75, 106, 109] (0.97686398152671072)
[55, 75, 106, 109, 124] (0.96432642065218999)
[55, 75, 106, 109, 124, 127] (0.96432642065218999)
[55, 75, 106, 109, 127] (0.9755021685391595)
[55, 75, 106, 124] (0.96432642065218999)
[55, 75, 106, 124, 127] (0.96432642065218999)
[55, 75, 106, 127] (0.9755021685391595)
[55, 75, 109] (0.98648548633006206)
[55, 75, 109, 124] (0.97394792545554121)
[55, 75, 109, 124, 127] (0.97394792545554121)
[55, 75, 109, 127] (0.98512367334251072)
[55, 75, 124] (0.97525052918276423)
[55, 75, 124, 127] (0.97525052918276423)
[55, 75, 127] (0.98642627706973374)
[55, 85] (0.96121793448495341)
[55, 85, 88] (0.96121793448495341)
[55, 85, 88, 91] (0.96121793448495341)
[55, 85, 88, 91, 106] (0.95029382595437928)
[55, 85, 88, 91, 106, 109] (0.95029382595437928)
[55, 85, 88, 91, 109] (0.9599153307577305)
[55, 85, 88, 91, 109, 127] (0.95855351777017928)
[55, 85, 88, 91, 127] (0.95985612149740218)
[55, 85, 88, 106] (0.95029382595437928)
[55, 85, 88, 106, 109] (0.95029382595437928)
[55, 85, 88, 109] (0.9599153307577305)
[55, 85, 88, 109, 127] (0.95855351777017928)
[55, 85, 88, 127] (0.95985612149740218)
[55, 85, 91] (0.96121793448495341)
[55, 85, 91, 106] (0.95029382595437928)
[55, 85, 91, 106, 109] (0.95029382595437928)
[55, 85, 91, 109] (0.9599153307577305)
[55, 85, 91, 109, 127] (0.95855351777017928)
[55, 85, 91, 127] (0.95985612149740218)
[55, 85, 106] (0.95029382595437928)
[55, 85, 106, 109] (0.95029382595437928)
[55, 85, 109] (0.9599153307577305)
[55, 85, 109, 127] (0.95855351777017928)
[55, 85, 127] (0.95985612149740218)
[55, 88] (0.98309575617626599)
[55, 88, 91] (0.98309575617626599)
[55, 88, 91, 106] (0.97217164764569175)
[55, 88, 91, 106, 109] (0.97217164764569175)
[55, 88, 91, 106, 109, 124] (0.95963408677117101)
[55, 88, 91, 106, 109, 124, 127] (0.95963408677117101)
[55, 88, 91, 106, 109, 127] (0.97080983465814052)
[55, 88, 91, 106, 124] (0.95963408677117101)
[55, 88, 91, 106, 124, 127] (0.95963408677117101)
[55, 88, 91, 106, 127] (0.97080983465814052)
[55, 88, 91, 109] (0.98179315244904308)
[55, 88, 91, 109, 124] (0.96925559157452224)
[55, 88, 91, 109, 124, 127] (0.96925559157452224)
[55, 88, 91, 109, 127] (0.98043133946149175)
[55, 88, 91, 124] (0.97055819530174514)
[55, 88, 91, 124, 127] (0.97055819530174514)
[55, 88, 91, 127] (0.98173394318871476)
[55, 88, 106] (0.97217164764569175)
[55, 88, 106, 109] (0.97217164764569175)
[55, 88, 106, 109, 124] (0.95963408677117101)
[55, 88, 106, 109, 124, 127] (0.95963408677117101)
[55, 88, 106, 109, 127] (0.97080983465814052)
[55, 88, 106, 124] (0.95963408677117101)
[55, 88, 106, 124, 127] (0.95963408677117101)
[55, 88, 106, 127] (0.97080983465814052)
[55, 88, 109] (0.98179315244904308)
[55, 88, 109, 124] (0.96925559157452224)
[55, 88, 109, 124, 127] (0.96925559157452224)
[55, 88, 109, 127] (0.98043133946149175)
[55, 88, 124] (0.97055819530174514)
[55, 88, 124, 127] (0.97055819530174514)
[55, 88, 127] (0.98173394318871476)
[55, 91] (0.99116301789599892)
[55, 91, 103] (0.95093032550290868)
[55, 91, 103, 106] (0.95093032550290868)
[55, 91, 103, 106, 109] (0.95093032550290868)
[55, 91, 103, 109] (0.95093032550290868)
[55, 91, 106] (0.98023890936542479)
[55, 91, 106, 109] (0.98023890936542479)
[55, 91, 106, 109, 124] (0.96770134849090395)
[55, 91, 106, 109, 124, 127] (0.96770134849090395)
[55, 91, 106, 109, 127] (0.97887709637787346)
[55, 91, 106, 124] (0.96770134849090395)
[55, 91, 106, 124, 127] (0.96770134849090395)
[55, 91, 106, 127] (0.97887709637787346)
[55, 91, 109] (0.98986041416877601)
[55, 91, 109, 124] (0.97732285329425517)
[55, 91, 109, 124, 127] (0.97732285329425517)
[55, 91, 109, 127] (0.98849860118122479)
[55, 91, 124] (0.97862545702147818)
[55, 91, 124, 127] (0.97862545702147818)
[55, 91, 127] (0.9898012049084477)
[55, 103] (0.95217371996980327)
[55, 103, 106] (0.95217371996980327)
[55, 103, 106, 109] (0.95217371996980327)
[55, 103, 106, 109, 127] (0.95081190698225204)
[55, 103, 106, 127] (0.95081190698225204)
[55, 103, 109] (0.95217371996980327)
[55, 103, 109, 127] (0.95081190698225204)
[55, 103, 127] (0.95081190698225204)
[55, 106] (0.98148230383231938)
[55, 106, 109] (0.98148230383231938)
[55, 106, 109, 124] (0.96894474295779864)
[55, 106, 109, 124, 127] (0.96894474295779864)
[55, 106, 109, 127] (0.98012049084476816)
[55, 106, 124] (0.96894474295779864)
[55, 106, 124, 127] (0.96894474295779864)
[55, 106, 127] (0.98012049084476816)
[55, 109] (0.9911038086356706)
[55, 109, 124] (0.97856624776114987)
[55, 109, 124, 127] (0.97856624776114987)
[55, 109, 127] (0.98974199564811938)
[55, 124] (0.97986885148837277)
[55, 124, 127] (0.97986885148837277)
[55, 127] (0.99104459937534228)
[72] (0.97755969033556844)
[72, 75] (0.97755969033556844)
[72, 75, 88] (0.96824903414894092)
[72, 75, 88, 91] (0.96824903414894092)
[72, 75, 88, 91, 106] (0.95732492561836668)
[72, 75, 88, 91, 106, 109] (0.95732492561836668)
[72, 75, 88, 91, 106, 109, 127] (0.95596311263081546)
[72, 75, 88, 91, 106, 127] (0.95596311263081546)
[72, 75, 88, 91, 109] (0.96694643042171791)
[72, 75, 88, 91, 109, 124] (0.95440886954719717)
[72, 75, 88, 91, 109, 124, 127] (0.95440886954719717)
[72, 75, 88, 91, 109, 127] (0.96558461743416668)
[72, 75, 88, 91, 124] (0.95571147327442008)
[72, 75, 88, 91, 124, 127] (0.95571147327442008)
[72, 75, 88, 91, 127] (0.96688722116138959)
[72, 75, 88, 106] (0.95732492561836668)
[72, 75, 88, 106, 109] (0.95732492561836668)
[72, 75, 88, 106, 109, 127] (0.95596311263081546)
[72, 75, 88, 106, 127] (0.95596311263081546)
[72, 75, 88, 109] (0.96694643042171791)
[72, 75, 88, 109, 124] (0.95440886954719717)
[72, 75, 88, 109, 124, 127] (0.95440886954719717)
[72, 75, 88, 109, 127] (0.96558461743416668)
[72, 75, 88, 124] (0.95571147327442008)
[72, 75, 88, 124, 127] (0.95571147327442008)
[72, 75, 88, 127] (0.96688722116138959)
[72, 75, 91] (0.97631629586867386)
[72, 75, 91, 106] (0.96539218733809973)
[72, 75, 91, 106, 109] (0.96539218733809973)
[72, 75, 91, 106, 109, 124] (0.95285462646357888)
[72, 75, 91, 106, 109, 124, 127] (0.95285462646357888)
[72, 75, 91, 106, 109, 127] (0.96403037435054839)
[72, 75, 91, 106, 124] (0.95285462646357888)
[72, 75, 91, 106, 124, 127] (0.95285462646357888)
[72, 75, 91, 106, 127] (0.96403037435054839)
[72, 75, 91, 109] (0.97501369214145095)
[72, 75, 91, 109, 124] (0.9624761312669301)
[72, 75, 91, 109, 124, 127] (0.9624761312669301)
[72, 75, 91, 109, 127] (0.97365187915389972)
[72, 75, 91, 124] (0.96377873499415312)
[72, 75, 91, 124, 127] (0.96377873499415312)
[72, 75, 91, 127] (0.97495448288112263)
[72, 75, 106] (0.96663558180499431)
[72, 75, 106, 109] (0.96663558180499431)
[72, 75, 106, 109, 124] (0.95409802093047358)
[72, 75, 106, 109, 124, 127] (0.95409802093047358)
[72, 75, 106, 109, 127] (0.96527376881744309)
[72, 75, 106, 124] (0.95409802093047358)
[72, 75, 106, 124, 127] (0.95409802093047358)
[72, 75, 106, 127] (0.96527376881744309)
[72, 75, 109] (0.97625708660834554)
[72, 75, 109, 124] (0.9637195257338248)
[72, 75, 109, 124, 127] (0.9637195257338248)
[72, 75, 109, 127] (0.97489527362079431)
[72, 75, 124] (0.96502212946104771)
[72, 75, 124, 127] (0.96502212946104771)
[72, 75, 127] (0.97619787734801722)
[72, 88] (0.96824903414894092)
[72, 88, 91] (0.96824903414894092)
[72, 88, 91, 106] (0.95732492561836668)
[72, 88, 91, 106, 109] (0.95732492561836668)
[72, 88, 91, 106, 109, 127] (0.95596311263081546)
[72, 88, 91, 106, 127] (0.95596311263081546)
[72, 88, 91, 109] (0.96694643042171791)
[72, 88, 91, 109, 124] (0.95440886954719717)
[72, 88, 91, 109, 124, 127] (0.95440886954719717)
[72, 88, 91, 109, 127] (0.96558461743416668)
[72, 88, 91, 124] (0.95571147327442008)
[72, 88, 91, 124, 127] (0.95571147327442008)
[72, 88, 91, 127] (0.96688722116138959)
[72, 88, 106] (0.95732492561836668)
[72, 88, 106, 109] (0.95732492561836668)
[72, 88, 106, 109, 127] (0.95596311263081546)
[72, 88, 106, 127] (0.95596311263081546)
[72, 88, 109] (0.96694643042171791)
[72, 88, 109, 124] (0.95440886954719717)
[72, 88, 109, 124, 127] (0.95440886954719717)
[72, 88, 109, 127] (0.96558461743416668)
[72, 88, 124] (0.95571147327442008)
[72, 88, 124, 127] (0.95571147327442008)
[72, 88, 127] (0.96688722116138959)
[72, 91] (0.97631629586867386)
[72, 91, 106] (0.96539218733809973)
[72, 91, 106, 109] (0.96539218733809973)
[72, 91, 106, 109, 124] (0.95285462646357888)
[72, 91, 106, 109, 124, 127] (0.95285462646357888)
[72, 91, 106, 109, 127] (0.96403037435054839)
[72, 91, 106, 124] (0.95285462646357888)
[72, 91, 106, 124, 127] (0.95285462646357888)
[72, 91, 106, 127] (0.96403037435054839)
[72, 91, 109] (0.97501369214145095)
[72, 91, 109, 124] (0.9624761312669301)
[72, 91, 109, 124, 127] (0.9624761312669301)
[72, 91, 109, 127] (0.97365187915389972)
[72, 91, 124] (0.96377873499415312)
[72, 91, 124, 127] (0.96377873499415312)
[72, 91, 127] (0.97495448288112263)
[72, 106] (0.96663558180499431)
[72, 106, 109] (0.96663558180499431)
[72, 106, 109, 124] (0.95409802093047358)
[72, 106, 109, 124, 127] (0.95409802093047358)
[72, 106, 109, 127] (0.96527376881744309)
[72, 106, 124] (0.95409802093047358)
[72, 106, 124, 127] (0.95409802093047358)
[72, 106, 127] (0.96527376881744309)
[72, 109] (0.97625708660834554)
[72, 109, 124] (0.9637195257338248)
[72, 109, 124, 127] (0.9637195257338248)
[72, 109, 127] (0.97489527362079431)
[72, 124] (0.96502212946104771)
[72, 124, 127] (0.96502212946104771)
[72, 127] (0.97619787734801722)
[75] (0.99538167769439145)
[75, 85] (0.96419319981645124)
[75, 85, 88] (0.96419319981645124)
[75, 85, 88, 91] (0.96419319981645124)
[75, 85, 88, 91, 106] (0.95326909128587711)
[75, 85, 88, 91, 106, 109] (0.95326909128587711)
[75, 85, 88, 91, 106, 109, 127] (0.95190727829832589)
[75, 85, 88, 91, 106, 127] (0.95190727829832589)
[75, 85, 88, 91, 109] (0.96289059608922833)
[75, 85, 88, 91, 109, 124] (0.9503530352147076)
[75, 85, 88, 91, 109, 124, 127] (0.9503530352147076)
[75, 85, 88, 91, 109, 127] (0.96152878310167711)
[75, 85, 88, 91, 124] (0.9516556389419305)
[75, 85, 88, 91, 124, 127] (0.9516556389419305)
[75, 85, 88, 91, 127] (0.96283138682890002)
[75, 85, 88, 106] (0.95326909128587711)
[75, 85, 88, 106, 109] (0.95326909128587711)
[75, 85, 88, 106, 109, 127] (0.95190727829832589)
[75, 85, 88, 106, 127] (0.95190727829832589)
[75, 85, 88, 109] (0.96289059608922833)
[75, 85, 88, 109, 124] (0.9503530352147076)
[75, 85, 88, 109, 124, 127] (0.9503530352147076)
[75, 85, 88, 109, 127] (0.96152878310167711)
[75, 85, 88, 124] (0.9516556389419305)
[75, 85, 88, 124, 127] (0.9516556389419305)
[75, 85, 88, 127] (0.96283138682890002)
[75, 85, 91] (0.96419319981645124)
[75, 85, 91, 106] (0.95326909128587711)
[75, 85, 91, 106, 109] (0.95326909128587711)
[75, 85, 91, 106, 109, 127] (0.95190727829832589)
[75, 85, 91, 106, 127] (0.95190727829832589)
[75, 85, 91, 109] (0.96289059608922833)
[75, 85, 91, 109, 124] (0.9503530352147076)
[75, 85, 91, 109, 124, 127] (0.9503530352147076)
[75, 85, 91, 109, 127] (0.96152878310167711)
[75, 85, 91, 124] (0.9516556389419305)
[75, 85, 91, 124, 127] (0.9516556389419305)
[75, 85, 91, 127] (0.96283138682890002)
[75, 85, 106] (0.95326909128587711)
[75, 85, 106, 109] (0.95326909128587711)
[75, 85, 106, 109, 127] (0.95190727829832589)
[75, 85, 106, 127] (0.95190727829832589)
[75, 85, 109] (0.96289059608922833)
[75, 85, 109, 124] (0.9503530352147076)
[75, 85, 109, 124, 127] (0.9503530352147076)
[75, 85, 109, 127] (0.96152878310167711)
[75, 85, 124] (0.9516556389419305)
[75, 85, 124, 127] (0.9516556389419305)
[75, 85, 127] (0.96283138682890002)
[75, 88] (0.98607102150776382)
[75, 88, 91] (0.98607102150776382)
[75, 88, 91, 106] (0.97514691297718958)
[75, 88, 91, 106, 109] (0.97514691297718958)
[75, 88, 91, 106, 109, 124] (0.96260935210266885)
[75, 88, 91, 106, 109, 124, 127] (0.96260935210266885)
[75, 88, 91, 106, 109, 127] (0.97378509998963836)
[75, 88, 91, 106, 124] (0.96260935210266885)
[75, 88, 91, 106, 124, 127] (0.96260935210266885)
[75, 88, 91, 106, 127] (0.97378509998963836)
[75, 88, 91, 109] (0.98476841778054092)
[75, 88, 91, 109, 124] (0.97223085690602007)
[75, 88, 91, 109, 124, 127] (0.97223085690602007)
[75, 88, 91, 109, 127] (0.98340660479298958)
[75, 88, 91, 124] (0.97353346063324309)
[75, 88, 91, 124, 127] (0.97353346063324309)
[75, 88, 91, 127] (0.9847092085202126)
[75, 88, 106] (0.97514691297718958)
[75, 88, 106, 109] (0.97514691297718958)
[75, 88, 106, 109, 124] (0.96260935210266885)
[75, 88, 106, 109, 124, 127] (0.96260935210266885)
[75, 88, 106, 109, 127] (0.97378509998963836)
[75, 88, 106, 124] (0.96260935210266885)
[75, 88, 106, 124, 127] (0.96260935210266885)
[75, 88, 106, 127] (0.97378509998963836)
[75, 88, 109] (0.98476841778054092)
[75, 88, 109, 124] (0.97223085690602007)
[75, 88, 109, 124, 127] (0.97223085690602007)
[75, 88, 109, 127] (0.98340660479298958)
[75, 88, 124] (0.97353346063324309)
[75, 88, 124, 127] (0.97353346063324309)
[75, 88, 127] (0.9847092085202126)
[75, 91] (0.99413828322749676)
[75, 91, 103] (0.95390559083440651)
[75, 91, 103, 106] (0.95390559083440651)
[75, 91, 103, 106, 109] (0.95390559083440651)
[75, 91, 103, 106, 109, 127] (0.95254377784685529)
[75, 91, 103, 106, 127] (0.95254377784685529)
[75, 91, 103, 109] (0.95390559083440651)
[75, 91, 103, 109, 127] (0.95254377784685529)
[75, 91, 103, 127] (0.95254377784685529)
[75, 91, 106] (0.98321417469692263)
[75, 91, 106, 109] (0.98321417469692263)
[75, 91, 106, 109, 124] (0.97067661382240178)
[75, 91, 106, 109, 124, 127] (0.97067661382240178)
[75, 91, 106, 109, 127] (0.98185236170937129)
[75, 91, 106, 124] (0.97067661382240178)
[75, 91, 106, 124, 127] (0.97067661382240178)
[75, 91, 106, 127] (0.98185236170937129)
[75, 91, 109] (0.99283567950027385)
[75, 91, 109, 124] (0.98029811862575311)
[75, 91, 109, 124, 127] (0.98029811862575311)
[75, 91, 109, 127] (0.99147386651272262)
[75, 91, 124] (0.98160072235297602)
[75, 91, 124, 127] (0.98160072235297602)
[75, 91, 127] (0.99277647023994553)
[75, 103] (0.9551489853013011)
[75, 103, 106] (0.9551489853013011)
[75, 103, 106, 109] (0.9551489853013011)
[75, 103, 106, 109, 127] (0.95378717231374988)
[75, 103, 106, 127] (0.95378717231374988)
[75, 103, 109] (0.9551489853013011)
[75, 103, 109, 127] (0.95378717231374988)
[75, 103, 127] (0.95378717231374988)
[75, 106] (0.98445756916381721)
[75, 106, 109] (0.98445756916381721)
[75, 106, 109, 124] (0.97192000828929648)
[75, 106, 109, 124, 127] (0.97192000828929648)
[75, 106, 109, 127] (0.98309575617626599)
[75, 106, 124] (0.97192000828929648)
[75, 106, 124, 127] (0.97192000828929648)
[75, 106, 127] (0.98309575617626599)
[75, 109] (0.99407907396716844)
[75, 109, 124] (0.9815415130926477)
[75, 109, 124, 127] (0.9815415130926477)
[75, 109, 127] (0.99271726097961721)
[75, 124] (0.98284411681987061)
[75, 124, 127] (0.98284411681987061)
[75, 127] (0.99401986470684012)
[85] (0.9688115221220599)
[85, 88] (0.9688115221220599)
[85, 88, 91] (0.9688115221220599)
[85, 88, 91, 106] (0.95788741359148566)
[85, 88, 91, 106, 109] (0.95788741359148566)
[85, 88, 91, 106, 109, 127] (0.95652560060393443)
[85, 88, 91, 106, 127] (0.95652560060393443)
[85, 88, 91, 109] (0.96750891839483699)
[85, 88, 91, 109, 124] (0.95497135752031614)
[85, 88, 91, 109, 124, 127] (0.95497135752031614)
[85, 88, 91, 109, 127] (0.96614710540728566)
[85, 88, 91, 124] (0.95627396124753916)
[85, 88, 91, 124, 127] (0.95627396124753916)
[85, 88, 91, 127] (0.96744970913450867)
[85, 88, 106] (0.95788741359148566)
[85, 88, 106, 109] (0.95788741359148566)
[85, 88, 106, 109, 127] (0.95652560060393443)
[85, 88, 106, 127] (0.95652560060393443)
[85, 88, 109] (0.96750891839483699)
[85, 88, 109, 124] (0.95497135752031614)
[85, 88, 109, 124, 127] (0.95497135752031614)
[85, 88, 109, 127] (0.96614710540728566)
[85, 88, 124] (0.95627396124753916)
[85, 88, 124, 127] (0.95627396124753916)
[85, 88, 127] (0.96744970913450867)
[85, 91] (0.9688115221220599)
[85, 91, 106] (0.95788741359148566)
[85, 91, 106, 109] (0.95788741359148566)
[85, 91, 106, 109, 127] (0.95652560060393443)
[85, 91, 106, 127] (0.95652560060393443)
[85, 91, 109] (0.96750891839483699)
[85, 91, 109, 124] (0.95497135752031614)
[85, 91, 109, 124, 127] (0.95497135752031614)
[85, 91, 109, 127] (0.96614710540728566)
[85, 91, 124] (0.95627396124753916)
[85, 91, 124, 127] (0.95627396124753916)
[85, 91, 127] (0.96744970913450867)
[85, 106] (0.95788741359148566)
[85, 106, 109] (0.95788741359148566)
[85, 106, 109, 127] (0.95652560060393443)
[85, 106, 127] (0.95652560060393443)
[85, 109] (0.96750891839483699)
[85, 109, 124] (0.95497135752031614)
[85, 109, 124, 127] (0.95497135752031614)
[85, 109, 127] (0.96614710540728566)
[85, 124] (0.95627396124753916)
[85, 124, 127] (0.95627396124753916)
[85, 127] (0.96744970913450867)
[88] (0.99068934381337237)
[88, 91] (0.99068934381337237)
[88, 91, 103] (0.95045665142028213)
[88, 91, 103, 106] (0.95045665142028213)
[88, 91, 103, 106, 109] (0.95045665142028213)
[88, 91, 103, 109] (0.95045665142028213)
[88, 91, 106] (0.97976523528279824)
[88, 91, 106, 109] (0.97976523528279824)
[88, 91, 106, 109, 124] (0.9672276744082775)
[88, 91, 106, 109, 124, 127] (0.9672276744082775)
[88, 91, 106, 109, 127] (0.97840342229524702)
[88, 91, 106, 124] (0.9672276744082775)
[88, 91, 106, 124, 127] (0.9672276744082775)
[88, 91, 106, 127] (0.97840342229524702)
[88, 91, 109] (0.98938674008614946)
[88, 91, 109, 124] (0.97684917921162873)
[88, 91, 109, 124, 127] (0.97684917921162873)
[88, 91, 109, 127] (0.98802492709859824)
[88, 91, 124] (0.97815178293885163)
[88, 91, 124, 127] (0.97815178293885163)
[88, 91, 127] (0.98932753082582114)
[88, 103] (0.95045665142028213)
[88, 103, 106] (0.95045665142028213)
[88, 103, 106, 109] (0.95045665142028213)
[88, 103, 109] (0.95045665142028213)
[88, 106] (0.97976523528279824)
[88, 106, 109] (0.97976523528279824)
[88, 106, 109, 124] (0.9672276744082775)
[88, 106, 109, 124, 127] (0.9672276744082775)
[88, 106, 109, 127] (0.97840342229524702)
[88, 106, 124] (0.9672276744082775)
[88, 106, 124, 127] (0.9672276744082775)
[88, 106, 127] (0.97840342229524702)
[88, 109] (0.98938674008614946)
[88, 109, 124] (0.97684917921162873)
[88, 109, 124, 127] (0.97684917921162873)
[88, 109, 127] (0.98802492709859824)
[88, 124] (0.97815178293885163)
[88, 124, 127] (0.97815178293885163)
[88, 127] (0.98932753082582114)
[91] (0.99875660553310541)
[91, 103] (0.95852391314001506)
[91, 103, 106] (0.95852391314001506)
[91, 103, 106, 109] (0.95852391314001506)
[91, 103, 106, 109, 127] (0.95716210015246384)
[91, 103, 106, 127] (0.95716210015246384)
[91, 103, 109] (0.95852391314001506)
[91, 103, 109, 127] (0.95716210015246384)
[91, 103, 127] (0.95716210015246384)
[91, 106] (0.98783249700253117)
[91, 106, 109] (0.98783249700253117)
[91, 106, 109, 124] (0.97529493612801044)
[91, 106, 109, 124, 127] (0.97529493612801044)
[91, 106, 109, 127] (0.98647068401497995)
[91, 106, 124] (0.97529493612801044)
[91, 106, 124, 127] (0.97529493612801044)
[91, 106, 127] (0.98647068401497995)
[91, 109] (0.9974540018058824)
[91, 109, 124] (0.98491644093136166)
[91, 109, 124, 127] (0.98491644093136166)
[91, 109, 127] (0.99609218881833117)
[91, 121] (0.95056026762585666)
[91, 121, 124] (0.95056026762585666)
[91, 121, 124, 127] (0.95056026762585666)
[91, 121, 127] (0.95056026762585666)
[91, 124] (0.98621904465858456)
[91, 124, 127] (0.98621904465858456)
[91, 127] (0.99739479254555408)
[103] (0.95976730760690976)
[103, 106] (0.95976730760690976)
[103, 106, 109] (0.95976730760690976)
[103, 106, 109, 127] (0.95840549461935842)
[103, 106, 127] (0.95840549461935842)
[103, 109] (0.95976730760690976)
[103, 109, 127] (0.95840549461935842)
[103, 127] (0.95840549461935842)
[106] (0.98907589146942587)
[106, 109] (0.98907589146942587)
[106, 109, 124] (0.97653833059490502)
[106, 109, 124, 127] (0.97653833059490502)
[106, 109, 127] (0.98771407848187454)
[106, 124] (0.97653833059490502)
[106, 124, 127] (0.97653833059490502)
[106, 127] (0.98771407848187454)
[109] (0.99869739627277709)
[109, 121] (0.95050105836552834)
[109, 121, 124] (0.95050105836552834)
[109, 121, 124, 127] (0.95050105836552834)
[109, 121, 127] (0.95050105836552834)
[109, 124] (0.98615983539825625)
[109, 124, 127] (0.98615983539825625)
[109, 127] (0.99733558328522576)
[121] (0.95180366209275136)
[121, 124] (0.95180366209275136)
[121, 124, 127] (0.95180366209275136)
[121, 127] (0.95180366209275136)
[124] (0.98746243912547926)
[124, 127] (0.98746243912547926)
[127] (0.99863818701244877)
