[170] (0.99033560331117731)
[170, 180] (0.97698079354075762)
[170, 180, 184] (0.97698079354075762)
[170, 180, 184, 4438] (0.97490111324063122)
[170, 180, 4438] (0.97490111324063122)
[170, 184] (0.97698079354075762)
[170, 184, 4438] (0.97490111324063122)
[170, 4428] (0.97300493414345712)
[170, 4428, 4438] (0.97092525384333073)
[170, 4438] (0.98825592301105081)
[170, 4438, 7062] (0.97983525669779392)
[170, 7062] (0.98185376993026952)
[180] (0.98393345023039591)
[180, 184] (0.98393345023039591)
[180, 184, 4438] (0.98185376993026952)
[180, 184, 4438, 7062] (0.97345349263956282)
[180, 184, 7062] (0.97547200587203853)
[180, 4438] (0.98185376993026952)
[180, 4438, 7062] (0.97345349263956282)
[180, 7062] (0.97547200587203853)
[184] (0.98393345023039591)
[184, 4438] (0.98185376993026952)
[184, 4438, 7062] (0.97345349263956282)
[184, 7062] (0.97547200587203853)
[4426] (0.97402438527097013)
[4426, 4438] (0.97194470497084373)
[4428] (0.98260816376462912)
[4428, 4438] (0.98052848346450272)
[4428, 4438, 7062] (0.97223015128654733)
[4428, 7062] (0.97424866451902292)
[4432] (0.97375932797781672)
[4432, 4438] (0.97186314888064262)
[4434] (0.97594095339069442)
[4434, 4438] (0.97420788647392242)
[4438] (0.9979203196998736)
[4438, 7062] (0.98945887534151611)
[4940] (0.97133303429433593)
[7062] (0.99147738857399181)
