[12] (0.99828915613067082)
[12, 16] (0.97643033308542759)
[12, 16, 17] (0.97633626606855717)
[12, 16, 17, 18] (0.9743520399314487)
[12, 16, 17, 18, 21] (0.86566936031488939)
[12, 16, 17, 18, 29] (0.85563358545253587)
[12, 16, 17, 18, 31] (0.91542199345646313)
[12, 16, 17, 21] (0.86748308998392043)
[12, 16, 17, 29] (0.85749728822427929)
[12, 16, 17, 31] (0.91710344138302036)
[12, 16, 18] (0.97444610694831901)
[12, 16, 18, 21] (0.86576048773748249)
[12, 16, 18, 29] (0.85572765246940619)
[12, 16, 18, 31] (0.91549842290767025)
[12, 16, 21] (0.86757421740651353)
[12, 16, 29] (0.8575913552411496)
[12, 16, 31] (0.91717987083422747)
[12, 17] (0.9981950891138005)
[12, 17, 18] (0.99619616500530594)
[12, 17, 18, 21] (0.88565860139983477)
[12, 17, 18, 29] (0.87602555095345735)
[12, 17, 18, 31] (0.93165737264942694)
[12, 17, 18, 43] (0.85339655420758831)
[12, 17, 21] (0.8874870290402519)
[12, 17, 29] (0.87790395169658686)
[12, 17, 31] (0.93335057895309292)
[12, 17, 43] (0.8550368478142647)
[12, 18] (0.99629023202217626)
[12, 18, 21] (0.88574972882242797)
[12, 18, 29] (0.87611961797032778)
[12, 18, 31] (0.93173380210063406)
[12, 18, 43] (0.85348474203590419)
[12, 21] (0.88757815646284499)
[12, 29] (0.87799801871345717)
[12, 31] (0.93342700840430004)
[12, 43] (0.85512503564258058)
[16] (0.9771622920604498)
[16, 17] (0.97706822504357949)
[16, 17, 18] (0.97481649582724594)
[16, 17, 18, 21] (0.86609854107936024)
[16, 17, 18, 29] (0.85604806824562074)
[16, 17, 18, 31] (0.91581001990105326)
[16, 17, 21] (0.86812098194207232)
[16, 17, 29] (0.85814399896526283)
[16, 17, 31] (0.91767666226707389)
[16, 18] (0.97491056284411626)
[16, 18, 21] (0.86618966850195334)
[16, 18, 29] (0.85614213526249106)
[16, 18, 31] (0.91588644935226038)
[16, 21] (0.86821210936466553)
[16, 29] (0.85823806598213315)
[16, 31] (0.91775309171828101)
[17] (0.99990593298312969)
[17, 18] (0.99670765440953835)
[17, 18, 21] (0.88613187607846367)
[17, 18, 29] (0.87648412766070027)
[17, 18, 31] (0.93207773463106625)
[17, 18, 43] (0.85384337253772236)
[17, 21] (0.88897740333879116)
[17, 29] (0.879406084372235)
[17, 31] (0.93475570501759342)
[17, 43] (0.85649782617003201)
[18] (0.99680172142640877)
[18, 21] (0.88622300350105676)
[18, 29] (0.87657819467757059)
[18, 31] (0.93215416408227336)
[18, 43] (0.85393156036603823)
[21] (0.88906853076138437)
[29] (0.87950015138910531)
[31] (0.93483213446880065)
[43] (0.85658601399834799)
