[19] (0.99234720310256519)
[19, 37] (0.98472401083529459)
[19, 37, 75] (0.98010568852968605)
[19, 37, 91] (0.98348061636840001)
[19, 37, 91, 109] (0.9821780126411771)
[19, 37, 91, 109, 127] (0.98081619965362588)
[19, 37, 91, 127] (0.98211880338084878)
[19, 37, 109] (0.98342140710807169)
[19, 37, 109, 127] (0.98205959412052046)
[19, 37, 127] (0.98336219784774337)
[19, 55] (0.98475361546545881)
[19, 55, 75] (0.98013529315985015)
[19, 55, 91] (0.98351022099856422)
[19, 55, 91, 109] (0.9822076172713412)
[19, 55, 91, 109, 127] (0.98084580428378998)
[19, 55, 91, 127] (0.98214840801101289)
[19, 55, 109] (0.9834510117382359)
[19, 55, 109, 127] (0.98208919875068457)
[19, 55, 127] (0.98339180247790758)
[19, 75] (0.98772888079695664)
[19, 75, 91] (0.98648548633006206)
[19, 75, 91, 109] (0.98518288260283904)
[19, 75, 91, 109, 127] (0.98382106961528781)
[19, 75, 91, 127] (0.98512367334251072)
[19, 75, 109] (0.98642627706973374)
[19, 75, 109, 127] (0.9850644640821824)
[19, 75, 127] (0.98636706780940542)
[19, 88] (0.98303654691593767)
[19, 88, 91] (0.98303654691593767)
[19, 88, 91, 109] (0.98173394318871476)
[19, 88, 91, 109, 127] (0.98037213020116343)
[19, 88, 91, 127] (0.98167473392838644)
[19, 88, 109] (0.98173394318871476)
[19, 88, 109, 127] (0.98037213020116343)
[19, 88, 127] (0.98167473392838644)
[19, 91] (0.9911038086356706)
[19, 91, 106] (0.98017970010509647)
[19, 91, 106, 109] (0.98017970010509647)
[19, 91, 109] (0.9898012049084477)
[19, 91, 109, 127] (0.98843939192089647)
[19, 91, 127] (0.98974199564811938)
[19, 106] (0.98142309457199106)
[19, 106, 109] (0.98142309457199106)
[19, 106, 109, 127] (0.98006128158443984)
[19, 106, 127] (0.98006128158443984)
[19, 109] (0.99104459937534228)
[19, 109, 127] (0.98968278638779106)
[19, 127] (0.99098539011501396)
[37] (0.9923768077327294)
[37, 55] (0.98478322009562291)
[37, 55, 75] (0.98016489779001437)
[37, 55, 91] (0.98353982562872833)
[37, 55, 91, 109] (0.98223722190150542)
[37, 55, 91, 109, 127] (0.98087540891395419)
[37, 55, 91, 127] (0.9821780126411771)
[37, 55, 109] (0.98348061636840001)
[37, 55, 109, 127] (0.98211880338084878)
[37, 55, 127] (0.98342140710807169)
[37, 75] (0.98775848542712075)
[37, 75, 91] (0.98651509096022616)
[37, 75, 91, 109] (0.98521248723300325)
[37, 75, 91, 109, 127] (0.98385067424545203)
[37, 75, 91, 127] (0.98515327797267493)
[37, 75, 109] (0.98645588169989784)
[37, 75, 109, 127] (0.98509406871234662)
[37, 75, 127] (0.98639667243956952)
[37, 88] (0.98306615154610177)
[37, 88, 91] (0.98306615154610177)
[37, 88, 91, 109] (0.98176354781887887)
[37, 88, 91, 109, 127] (0.98040173483132764)
[37, 88, 91, 127] (0.98170433855855055)
[37, 88, 109] (0.98176354781887887)
[37, 88, 109, 127] (0.98040173483132764)
[37, 88, 127] (0.98170433855855055)
[37, 91] (0.99113341326583482)
[37, 91, 106] (0.98020930473526058)
[37, 91, 106, 109] (0.98020930473526058)
[37, 91, 109] (0.9898308095386118)
[37, 91, 109, 127] (0.98846899655106057)
[37, 91, 127] (0.98977160027828348)
[37, 106] (0.98145269920215517)
[37, 106, 109] (0.98145269920215517)
[37, 106, 109, 127] (0.98009088621460394)
[37, 106, 127] (0.98009088621460394)
[37, 109] (0.9910742040055065)
[37, 109, 127] (0.98971239101795516)
[37, 127] (0.99101499474517818)
[55] (0.99240641236289351)
[55, 75] (0.98778809005728496)
[55, 75, 91] (0.98654469559039037)
[55, 75, 91, 109] (0.98524209186316736)
[55, 75, 91, 109, 127] (0.98388027887561613)
[55, 75, 91, 127] (0.98518288260283904)
[55, 75, 109] (0.98648548633006206)
[55, 75, 109, 127] (0.98512367334251072)
[55, 75, 127] (0.98642627706973374)
[55, 88] (0.98309575617626599)
[55, 88, 91] (0.98309575617626599)
[55, 88, 91, 109] (0.98179315244904308)
[55, 88, 91, 109, 127] (0.98043133946149175)
[55, 88, 91, 127] (0.98173394318871476)
[55, 88, 109] (0.98179315244904308)
[55, 88, 109, 127] (0.98043133946149175)
[55, 88, 127] (0.98173394318871476)
[55, 91] (0.99116301789599892)
[55, 91, 106] (0.98023890936542479)
[55, 91, 106, 109] (0.98023890936542479)
[55, 91, 109] (0.98986041416877601)
[55, 91, 109, 127] (0.98849860118122479)
[55, 91, 127] (0.9898012049084477)
[55, 106] (0.98148230383231938)
[55, 106, 109] (0.98148230383231938)
[55, 106, 109, 127] (0.98012049084476816)
[55, 106, 127] (0.98012049084476816)
[55, 109] (0.9911038086356706)
[55, 109, 127] (0.98974199564811938)
[55, 127] (0.99104459937534228)
[75] (0.99538167769439145)
[75, 88] (0.98607102150776382)
[75, 88, 91] (0.98607102150776382)
[75, 88, 91, 109] (0.98476841778054092)
[75, 88, 91, 109, 127] (0.98340660479298958)
[75, 88, 91, 127] (0.9847092085202126)
[75, 88, 109] (0.98476841778054092)
[75, 88, 109, 127] (0.98340660479298958)
[75, 88, 127] (0.9847092085202126)
[75, 91] (0.99413828322749676)
[75, 91, 106] (0.98321417469692263)
[75, 91, 106, 109] (0.98321417469692263)
[75, 91, 106, 109, 127] (0.98185236170937129)
[75, 91, 106, 127] (0.98185236170937129)
[75, 91, 109] (0.99283567950027385)
[75, 91, 109, 124] (0.98029811862575311)
[75, 91, 109, 124, 127] (0.98029811862575311)
[75, 91, 109, 127] (0.99147386651272262)
[75, 91, 124] (0.98160072235297602)
[75, 91, 124, 127] (0.98160072235297602)
[75, 91, 127] (0.99277647023994553)
[75, 106] (0.98445756916381721)
[75, 106, 109] (0.98445756916381721)
[75, 106, 109, 127] (0.98309575617626599)
[75, 106, 127] (0.98309575617626599)
[75, 109] (0.99407907396716844)
[75, 109, 124] (0.9815415130926477)
[75, 109, 124, 127] (0.9815415130926477)
[75, 109, 127] (0.99271726097961721)
[75, 124] (0.98284411681987061)
[75, 124, 127] (0.98284411681987061)
[75, 127] (0.99401986470684012)
[88] (0.99068934381337237)
[88, 91] (0.99068934381337237)
[88, 91, 109] (0.98938674008614946)
[88, 91, 109, 127] (0.98802492709859824)
[88, 91, 127] (0.98932753082582114)
[88, 109] (0.98938674008614946)
[88, 109, 127] (0.98802492709859824)
[88, 127] (0.98932753082582114)
[91] (0.99875660553310541)
[91, 106] (0.98783249700253117)
[91, 106, 109] (0.98783249700253117)
[91, 106, 109, 127] (0.98647068401497995)
[91, 106, 127] (0.98647068401497995)
[91, 109] (0.9974540018058824)
[91, 109, 124] (0.98491644093136166)
[91, 109, 124, 127] (0.98491644093136166)
[91, 109, 127] (0.99609218881833117)
[91, 124] (0.98621904465858456)
[91, 124, 127] (0.98621904465858456)
[91, 127] (0.99739479254555408)
[106] (0.98907589146942587)
[106, 109] (0.98907589146942587)
[106, 109, 127] (0.98771407848187454)
[106, 127] (0.98771407848187454)
[109] (0.99869739627277709)
[109, 124] (0.98615983539825625)
[109, 124, 127] (0.98615983539825625)
[109, 127] (0.99733558328522576)
[124] (0.98746243912547926)
[124, 127] (0.98746243912547926)
[127] (0.99863818701244877)
