[32] (0.1720355708808784)
[32, 38] (0.032134025997595336)
[32, 38, 39] (0.020870669903132869)
[32, 39] (0.095902996755971956)
[32, 39, 41] (0.026757559946462194)
[32, 39, 48] (0.06127356457430639)
[32, 41] (0.036251446201311224)
[32, 41, 48] (0.023400104353349514)
[32, 48] (0.091127696740092107)
[36] (0.033302329801955494)
[36, 38] (0.031646287516163427)
[36, 38, 39] (0.022061659218257298)
[36, 39] (0.023105192713413943)
[38] (0.17690161293981535)
[38, 39] (0.1173408044282117)
[38, 39, 41] (0.034606746670901294)
[38, 39, 41, 48] (0.022583425965835621)
[38, 39, 48] (0.069213493341802587)
[38, 39, 170] (0.022901023116535468)
[38, 41] (0.044202717724189558)
[38, 41, 48] (0.026927701277194255)
[38, 48] (0.090106848755699728)
[38, 110] (0.030909008416324494)
[38, 170] (0.034379891563258547)
[39] (0.57479412898981419)
[39, 41] (0.12946620993171662)
[39, 41, 48] (0.083550736144824306)
[39, 48] (0.33055057734624893)
[39, 48, 65] (0.020382931421700959)
[39, 48, 89] (0.024103355187042035)
[39, 65] (0.031612259250017011)
[39, 89] (0.031181234545495793)
[39, 170] (0.023354733331820966)
[39, 225] (0.026666817903405096)
[39, 237] (0.0218801751321431)
[39, 310] (0.021006782967718518)
[41] (0.16951747918604387)
[41, 48] (0.10228896803611533)
[48] (0.47792699802636057)
[48, 65] (0.028685828361425556)
[48, 89] (0.031737029559220524)
[65] (0.050724802068918579)
[89] (0.043522152401261317)
[101] (0.025373743789841429)
[110] (0.031691658537691979)
[147] (0.020178761824822485)
[170] (0.035151198929243892)
[225] (0.036943354279621608)
[237] (0.034391234318640683)
[271] (0.023751729770195774)
[310] (0.029423107461264489)
[413] (0.021324380118418366)
[438] (0.021131553276922031)
[475] (0.024579750913091808)
[1327] (0.020258161112497449)
