[12] (0.998289156130671)
[12, 16] (0.976430333085428)
[12, 16, 17] (0.976336266068557)
[12, 16, 17, 18] (0.974352039931449)
[12, 16, 17, 18, 21] (0.865669360314889)
[12, 16, 17, 18, 29] (0.855633585452536)
[12, 16, 17, 18, 31] (0.915421993456463)
[12, 16, 17, 21] (0.867483089983920)
[12, 16, 17, 29] (0.857497288224279)
[12, 16, 17, 31] (0.917103441383020)
[12, 16, 18] (0.974446106948319)
[12, 16, 18, 21] (0.865760487737482)
[12, 16, 18, 29] (0.855727652469406)
[12, 16, 18, 31] (0.915498422907670)
[12, 16, 21] (0.867574217406514)
[12, 16, 29] (0.857591355241150)
[12, 16, 31] (0.917179870834227)
[12, 17] (0.998195089113801)
[12, 17, 18] (0.996196165005306)
[12, 17, 18, 21] (0.885658601399835)
[12, 17, 18, 29] (0.876025550953457)
[12, 17, 18, 31] (0.931657372649427)
[12, 17, 18, 43] (0.853396554207588)
[12, 17, 21] (0.887487029040252)
[12, 17, 29] (0.877903951696587)
[12, 17, 31] (0.933350578953093)
[12, 17, 43] (0.855036847814265)
[12, 18] (0.996290232022176)
[12, 18, 21] (0.885749728822428)
[12, 18, 29] (0.876119617970328)
[12, 18, 31] (0.931733802100634)
[12, 18, 43] (0.853484742035904)
[12, 21] (0.887578156462845)
[12, 29] (0.877998018713457)
[12, 31] (0.933427008404300)
[12, 43] (0.855125035642581)
[16] (0.977162292060450)
[16, 17] (0.977068225043579)
[16, 17, 18] (0.974816495827246)
[16, 17, 18, 21] (0.866098541079360)
[16, 17, 18, 29] (0.856048068245621)
[16, 17, 18, 31] (0.915810019901053)
[16, 17, 21] (0.868120981942072)
[16, 17, 29] (0.858143998965263)
[16, 17, 31] (0.917676662267074)
[16, 18] (0.974910562844116)
[16, 18, 21] (0.866189668501953)
[16, 18, 29] (0.856142135262491)
[16, 18, 31] (0.915886449352260)
[16, 21] (0.868212109364666)
[16, 29] (0.858238065982133)
[16, 31] (0.917753091718281)
[17] (0.999905932983130)
[17, 18] (0.996707654409538)
[17, 18, 21] (0.886131876078464)
[17, 18, 29] (0.876484127660700)
[17, 18, 31] (0.932077734631066)
[17, 18, 43] (0.853843372537722)
[17, 21] (0.888977403338791)
[17, 29] (0.879406084372235)
[17, 31] (0.934755705017593)
[17, 43] (0.856497826170032)
[18] (0.996801721426409)
[18, 21] (0.886223003501057)
[18, 29] (0.876578194677571)
[18, 31] (0.932154164082273)
[18, 43] (0.853931560366038)
[21] (0.889068530761384)
[29] (0.879500151389105)
[31] (0.934832134468801)
[43] (0.856586013998348)
