[19] (0.992347203102565)
[19, 37] (0.984724010835295)
[19, 37, 75] (0.980105688529686)
[19, 37, 91] (0.983480616368400)
[19, 37, 91, 109] (0.982178012641177)
[19, 37, 91, 109, 127] (0.980816199653626)
[19, 37, 91, 127] (0.982118803380849)
[19, 37, 109] (0.983421407108072)
[19, 37, 109, 127] (0.982059594120520)
[19, 37, 127] (0.983362197847743)
[19, 55] (0.984753615465459)
[19, 55, 75] (0.980135293159850)
[19, 55, 91] (0.983510220998564)
[19, 55, 91, 109] (0.982207617271341)
[19, 55, 91, 109, 127] (0.980845804283790)
[19, 55, 91, 127] (0.982148408011013)
[19, 55, 109] (0.983451011738236)
[19, 55, 109, 127] (0.982089198750685)
[19, 55, 127] (0.983391802477908)
[19, 75] (0.987728880796957)
[19, 75, 91] (0.986485486330062)
[19, 75, 91, 109] (0.985182882602839)
[19, 75, 91, 109, 127] (0.983821069615288)
[19, 75, 91, 127] (0.985123673342511)
[19, 75, 109] (0.986426277069734)
[19, 75, 109, 127] (0.985064464082182)
[19, 75, 127] (0.986367067809405)
[19, 88] (0.983036546915938)
[19, 88, 91] (0.983036546915938)
[19, 88, 91, 109] (0.981733943188715)
[19, 88, 91, 109, 127] (0.980372130201163)
[19, 88, 91, 127] (0.981674733928386)
[19, 88, 109] (0.981733943188715)
[19, 88, 109, 127] (0.980372130201163)
[19, 88, 127] (0.981674733928386)
[19, 91] (0.991103808635671)
[19, 91, 106] (0.980179700105096)
[19, 91, 106, 109] (0.980179700105096)
[19, 91, 109] (0.989801204908448)
[19, 91, 109, 127] (0.988439391920896)
[19, 91, 127] (0.989741995648119)
[19, 106] (0.981423094571991)
[19, 106, 109] (0.981423094571991)
[19, 106, 109, 127] (0.980061281584440)
[19, 106, 127] (0.980061281584440)
[19, 109] (0.991044599375342)
[19, 109, 127] (0.989682786387791)
[19, 127] (0.990985390115014)
[37] (0.992376807732729)
[37, 55] (0.984783220095623)
[37, 55, 75] (0.980164897790014)
[37, 55, 91] (0.983539825628728)
[37, 55, 91, 109] (0.982237221901505)
[37, 55, 91, 109, 127] (0.980875408913954)
[37, 55, 91, 127] (0.982178012641177)
[37, 55, 109] (0.983480616368400)
[37, 55, 109, 127] (0.982118803380849)
[37, 55, 127] (0.983421407108072)
[37, 75] (0.987758485427121)
[37, 75, 91] (0.986515090960226)
[37, 75, 91, 109] (0.985212487233003)
[37, 75, 91, 109, 127] (0.983850674245452)
[37, 75, 91, 127] (0.985153277972675)
[37, 75, 109] (0.986455881699898)
[37, 75, 109, 127] (0.985094068712347)
[37, 75, 127] (0.986396672439570)
[37, 88] (0.983066151546102)
[37, 88, 91] (0.983066151546102)
[37, 88, 91, 109] (0.981763547818879)
[37, 88, 91, 109, 127] (0.980401734831328)
[37, 88, 91, 127] (0.981704338558551)
[37, 88, 109] (0.981763547818879)
[37, 88, 109, 127] (0.980401734831328)
[37, 88, 127] (0.981704338558551)
[37, 91] (0.991133413265835)
[37, 91, 106] (0.980209304735261)
[37, 91, 106, 109] (0.980209304735261)
[37, 91, 109] (0.989830809538612)
[37, 91, 109, 127] (0.988468996551061)
[37, 91, 127] (0.989771600278283)
[37, 106] (0.981452699202155)
[37, 106, 109] (0.981452699202155)
[37, 106, 109, 127] (0.980090886214604)
[37, 106, 127] (0.980090886214604)
[37, 109] (0.991074204005506)
[37, 109, 127] (0.989712391017955)
[37, 127] (0.991014994745178)
[55] (0.992406412362894)
[55, 75] (0.987788090057285)
[55, 75, 91] (0.986544695590390)
[55, 75, 91, 109] (0.985242091863167)
[55, 75, 91, 109, 127] (0.983880278875616)
[55, 75, 91, 127] (0.985182882602839)
[55, 75, 109] (0.986485486330062)
[55, 75, 109, 127] (0.985123673342511)
[55, 75, 127] (0.986426277069734)
[55, 88] (0.983095756176266)
[55, 88, 91] (0.983095756176266)
[55, 88, 91, 109] (0.981793152449043)
[55, 88, 91, 109, 127] (0.980431339461492)
[55, 88, 91, 127] (0.981733943188715)
[55, 88, 109] (0.981793152449043)
[55, 88, 109, 127] (0.980431339461492)
[55, 88, 127] (0.981733943188715)
[55, 91] (0.991163017895999)
[55, 91, 106] (0.980238909365425)
[55, 91, 106, 109] (0.980238909365425)
[55, 91, 109] (0.989860414168776)
[55, 91, 109, 127] (0.988498601181225)
[55, 91, 127] (0.989801204908448)
[55, 106] (0.981482303832319)
[55, 106, 109] (0.981482303832319)
[55, 106, 109, 127] (0.980120490844768)
[55, 106, 127] (0.980120490844768)
[55, 109] (0.991103808635671)
[55, 109, 127] (0.989741995648119)
[55, 127] (0.991044599375342)
[75] (0.995381677694391)
[75, 88] (0.986071021507764)
[75, 88, 91] (0.986071021507764)
[75, 88, 91, 109] (0.984768417780541)
[75, 88, 91, 109, 127] (0.983406604792990)
[75, 88, 91, 127] (0.984709208520213)
[75, 88, 109] (0.984768417780541)
[75, 88, 109, 127] (0.983406604792990)
[75, 88, 127] (0.984709208520213)
[75, 91] (0.994138283227497)
[75, 91, 106] (0.983214174696923)
[75, 91, 106, 109] (0.983214174696923)
[75, 91, 106, 109, 127] (0.981852361709371)
[75, 91, 106, 127] (0.981852361709371)
[75, 91, 109] (0.992835679500274)
[75, 91, 109, 124] (0.980298118625753)
[75, 91, 109, 124, 127] (0.980298118625753)
[75, 91, 109, 127] (0.991473866512723)
[75, 91, 124] (0.981600722352976)
[75, 91, 124, 127] (0.981600722352976)
[75, 91, 127] (0.992776470239946)
[75, 106] (0.984457569163817)
[75, 106, 109] (0.984457569163817)
[75, 106, 109, 127] (0.983095756176266)
[75, 106, 127] (0.983095756176266)
[75, 109] (0.994079073967168)
[75, 109, 124] (0.981541513092648)
[75, 109, 124, 127] (0.981541513092648)
[75, 109, 127] (0.992717260979617)
[75, 124] (0.982844116819871)
[75, 124, 127] (0.982844116819871)
[75, 127] (0.994019864706840)
[88] (0.990689343813372)
[88, 91] (0.990689343813372)
[88, 91, 109] (0.989386740086149)
[88, 91, 109, 127] (0.988024927098598)
[88, 91, 127] (0.989327530825821)
[88, 109] (0.989386740086149)
[88, 109, 127] (0.988024927098598)
[88, 127] (0.989327530825821)
[91] (0.998756605533105)
[91, 106] (0.987832497002531)
[91, 106, 109] (0.987832497002531)
[91, 106, 109, 127] (0.986470684014980)
[91, 106, 127] (0.986470684014980)
[91, 109] (0.997454001805882)
[91, 109, 124] (0.984916440931362)
[91, 109, 124, 127] (0.984916440931362)
[91, 109, 127] (0.996092188818331)
[91, 124] (0.986219044658585)
[91, 124, 127] (0.986219044658585)
[91, 127] (0.997394792545554)
[106] (0.989075891469426)
[106, 109] (0.989075891469426)
[106, 109, 127] (0.987714078481875)
[106, 127] (0.987714078481875)
[109] (0.998697396272777)
[109, 124] (0.986159835398256)
[109, 124, 127] (0.986159835398256)
[109, 127] (0.997335583285226)
[124] (0.987462439125479)
[124, 127] (0.987462439125479)
[127] (0.998638187012449)
