[16] (0.966073093831875)
[16, 19] (0.966073093831875)
[16, 19, 37] (0.958449901564605)
[16, 19, 37, 55] (0.950856313927498)
[16, 19, 37, 75] (0.953831579258996)
[16, 19, 37, 75, 91] (0.952588184792101)
[16, 19, 37, 75, 91, 109] (0.951285581064879)
[16, 19, 37, 75, 91, 127] (0.951226371804550)
[16, 19, 37, 75, 109] (0.952528975531773)
[16, 19, 37, 75, 109, 127] (0.951167162544222)
[16, 19, 37, 75, 127] (0.952469766271445)
[16, 19, 37, 91] (0.957206507097710)
[16, 19, 37, 91, 109] (0.955903903370487)
[16, 19, 37, 91, 109, 127] (0.954542090382936)
[16, 19, 37, 91, 127] (0.955844694110159)
[16, 19, 37, 109] (0.957147297837382)
[16, 19, 37, 109, 127] (0.955785484849831)
[16, 19, 37, 127] (0.957088088577053)
[16, 19, 55] (0.958479506194769)
[16, 19, 55, 75] (0.953861183889160)
[16, 19, 55, 75, 91] (0.952617789422266)
[16, 19, 55, 75, 91, 109] (0.951315185695043)
[16, 19, 55, 75, 91, 127] (0.951255976434714)
[16, 19, 55, 75, 109] (0.952558580161937)
[16, 19, 55, 75, 109, 127] (0.951196767174386)
[16, 19, 55, 75, 127] (0.952499370901609)
[16, 19, 55, 91] (0.957236111727874)
[16, 19, 55, 91, 109] (0.955933508000651)
[16, 19, 55, 91, 109, 127] (0.954571695013100)
[16, 19, 55, 91, 127] (0.955874298740323)
[16, 19, 55, 109] (0.957176902467546)
[16, 19, 55, 109, 127] (0.955815089479995)
[16, 19, 55, 127] (0.957117693207218)
[16, 19, 75] (0.961454771526267)
[16, 19, 75, 88] (0.952144115339639)
[16, 19, 75, 88, 91] (0.952144115339639)
[16, 19, 75, 88, 91, 109] (0.950841511612416)
[16, 19, 75, 88, 91, 127] (0.950782302352088)
[16, 19, 75, 88, 109] (0.950841511612416)
[16, 19, 75, 88, 127] (0.950782302352088)
[16, 19, 75, 91] (0.960211377059372)
[16, 19, 75, 91, 109] (0.958908773332149)
[16, 19, 75, 91, 109, 127] (0.957546960344598)
[16, 19, 75, 91, 127] (0.958849564071821)
[16, 19, 75, 106] (0.950530662995693)
[16, 19, 75, 106, 109] (0.950530662995693)
[16, 19, 75, 109] (0.960152167799044)
[16, 19, 75, 109, 127] (0.958790354811493)
[16, 19, 75, 127] (0.960092958538715)
[16, 19, 88] (0.956762437645248)
[16, 19, 88, 91] (0.956762437645248)
[16, 19, 88, 91, 109] (0.955459833918025)
[16, 19, 88, 91, 109, 127] (0.954098020930474)
[16, 19, 88, 91, 127] (0.955400624657696)
[16, 19, 88, 109] (0.955459833918025)
[16, 19, 88, 109, 127] (0.954098020930474)
[16, 19, 88, 127] (0.955400624657696)
[16, 19, 91] (0.964829699364981)
[16, 19, 91, 106] (0.953905590834407)
[16, 19, 91, 106, 109] (0.953905590834407)
[16, 19, 91, 106, 109, 127] (0.952543777846855)
[16, 19, 91, 106, 127] (0.952543777846855)
[16, 19, 91, 109] (0.963527095637758)
[16, 19, 91, 109, 124] (0.950989534763237)
[16, 19, 91, 109, 124, 127] (0.950989534763237)
[16, 19, 91, 109, 127] (0.962165282650207)
[16, 19, 91, 124] (0.952292138490460)
[16, 19, 91, 124, 127] (0.952292138490460)
[16, 19, 91, 127] (0.963467886377429)
[16, 19, 106] (0.955148985301301)
[16, 19, 106, 109] (0.955148985301301)
[16, 19, 106, 109, 127] (0.953787172313750)
[16, 19, 106, 127] (0.953787172313750)
[16, 19, 109] (0.964770490104652)
[16, 19, 109, 124] (0.952232929230132)
[16, 19, 109, 124, 127] (0.952232929230132)
[16, 19, 109, 127] (0.963408677117101)
[16, 19, 124] (0.953535532957354)
[16, 19, 124, 127] (0.953535532957354)
[16, 19, 127] (0.964711280844324)
[16, 37] (0.958449901564605)
[16, 37, 55] (0.950856313927498)
[16, 37, 75] (0.953831579258996)
[16, 37, 75, 91] (0.952588184792101)
[16, 37, 75, 91, 109] (0.951285581064879)
[16, 37, 75, 91, 127] (0.951226371804550)
[16, 37, 75, 109] (0.952528975531773)
[16, 37, 75, 109, 127] (0.951167162544222)
[16, 37, 75, 127] (0.952469766271445)
[16, 37, 91] (0.957206507097710)
[16, 37, 91, 109] (0.955903903370487)
[16, 37, 91, 109, 127] (0.954542090382936)
[16, 37, 91, 127] (0.955844694110159)
[16, 37, 109] (0.957147297837382)
[16, 37, 109, 127] (0.955785484849831)
[16, 37, 127] (0.957088088577053)
[16, 55] (0.958479506194769)
[16, 55, 75] (0.953861183889160)
[16, 55, 75, 91] (0.952617789422266)
[16, 55, 75, 91, 109] (0.951315185695043)
[16, 55, 75, 91, 127] (0.951255976434714)
[16, 55, 75, 109] (0.952558580161937)
[16, 55, 75, 109, 127] (0.951196767174386)
[16, 55, 75, 127] (0.952499370901609)
[16, 55, 91] (0.957236111727874)
[16, 55, 91, 109] (0.955933508000651)
[16, 55, 91, 109, 127] (0.954571695013100)
[16, 55, 91, 127] (0.955874298740323)
[16, 55, 109] (0.957176902467546)
[16, 55, 109, 127] (0.955815089479995)
[16, 55, 127] (0.957117693207218)
[16, 75] (0.961454771526267)
[16, 75, 88] (0.952144115339639)
[16, 75, 88, 91] (0.952144115339639)
[16, 75, 88, 91, 109] (0.950841511612416)
[16, 75, 88, 91, 127] (0.950782302352088)
[16, 75, 88, 109] (0.950841511612416)
[16, 75, 88, 127] (0.950782302352088)
[16, 75, 91] (0.960211377059372)
[16, 75, 91, 109] (0.958908773332149)
[16, 75, 91, 109, 127] (0.957546960344598)
[16, 75, 91, 127] (0.958849564071821)
[16, 75, 106] (0.950530662995693)
[16, 75, 106, 109] (0.950530662995693)
[16, 75, 109] (0.960152167799044)
[16, 75, 109, 127] (0.958790354811493)
[16, 75, 127] (0.960092958538715)
[16, 88] (0.956762437645248)
[16, 88, 91] (0.956762437645248)
[16, 88, 91, 109] (0.955459833918025)
[16, 88, 91, 109, 127] (0.954098020930474)
[16, 88, 91, 127] (0.955400624657696)
[16, 88, 109] (0.955459833918025)
[16, 88, 109, 127] (0.954098020930474)
[16, 88, 127] (0.955400624657696)
[16, 91] (0.964829699364981)
[16, 91, 106] (0.953905590834407)
[16, 91, 106, 109] (0.953905590834407)
[16, 91, 106, 109, 127] (0.952543777846855)
[16, 91, 106, 127] (0.952543777846855)
[16, 91, 109] (0.963527095637758)
[16, 91, 109, 124] (0.950989534763237)
[16, 91, 109, 124, 127] (0.950989534763237)
[16, 91, 109, 127] (0.962165282650207)
[16, 91, 124] (0.952292138490460)
[16, 91, 124, 127] (0.952292138490460)
[16, 91, 127] (0.963467886377429)
[16, 106] (0.955148985301301)
[16, 106, 109] (0.955148985301301)
[16, 106, 109, 127] (0.953787172313750)
[16, 106, 127] (0.953787172313750)
[16, 109] (0.964770490104652)
[16, 109, 124] (0.952232929230132)
[16, 109, 124, 127] (0.952232929230132)
[16, 109, 127] (0.963408677117101)
[16, 124] (0.953535532957354)
[16, 124, 127] (0.953535532957354)
[16, 127] (0.964711280844324)
[19] (0.992347203102565)
[19, 34] (0.957517355714434)
[19, 34, 37] (0.957517355714434)
[19, 34, 37, 75] (0.952899033408825)
[19, 34, 37, 75, 91] (0.951655638941931)
[19, 34, 37, 75, 91, 109] (0.950353035214708)
[19, 34, 37, 75, 91, 127] (0.950293825954379)
[19, 34, 37, 75, 109] (0.951596429681602)
[19, 34, 37, 75, 109, 127] (0.950234616694051)
[19, 34, 37, 75, 127] (0.951537220421274)
[19, 34, 37, 91] (0.956273961247539)
[19, 34, 37, 91, 109] (0.954971357520316)
[19, 34, 37, 91, 109, 127] (0.953609544532765)
[19, 34, 37, 91, 127] (0.954912148259988)
[19, 34, 37, 109] (0.956214751987211)
[19, 34, 37, 109, 127] (0.954852938999660)
[19, 34, 37, 127] (0.956155542726883)
[19, 34, 75] (0.952899033408825)
[19, 34, 75, 91] (0.951655638941931)
[19, 34, 75, 91, 109] (0.950353035214708)
[19, 34, 75, 91, 127] (0.950293825954379)
[19, 34, 75, 109] (0.951596429681602)
[19, 34, 75, 109, 127] (0.950234616694051)
[19, 34, 75, 127] (0.951537220421274)
[19, 34, 91] (0.956273961247539)
[19, 34, 91, 109] (0.954971357520316)
[19, 34, 91, 109, 127] (0.953609544532765)
[19, 34, 91, 127] (0.954912148259988)
[19, 34, 109] (0.956214751987211)
[19, 34, 109, 127] (0.954852938999660)
[19, 34, 127] (0.956155542726883)
[19, 37] (0.984724010835295)
[19, 37, 55] (0.977130423198188)
[19, 37, 55, 72] (0.954690113533757)
[19, 37, 55, 72, 75] (0.954690113533757)
[19, 37, 55, 72, 75, 91] (0.953446719066862)
[19, 37, 55, 72, 75, 91, 109] (0.952144115339639)
[19, 37, 55, 72, 75, 91, 109, 127] (0.950782302352088)
[19, 37, 55, 72, 75, 91, 127] (0.952084906079311)
[19, 37, 55, 72, 75, 109] (0.953387509806534)
[19, 37, 55, 72, 75, 109, 127] (0.952025696818983)
[19, 37, 55, 72, 75, 127] (0.953328300546205)
[19, 37, 55, 72, 91] (0.953446719066862)
[19, 37, 55, 72, 91, 109] (0.952144115339639)
[19, 37, 55, 72, 91, 109, 127] (0.950782302352088)
[19, 37, 55, 72, 91, 127] (0.952084906079311)
[19, 37, 55, 72, 109] (0.953387509806534)
[19, 37, 55, 72, 109, 127] (0.952025696818983)
[19, 37, 55, 72, 127] (0.953328300546205)
[19, 37, 55, 75] (0.972512100892580)
[19, 37, 55, 75, 88] (0.963201444705952)
[19, 37, 55, 75, 88, 91] (0.963201444705952)
[19, 37, 55, 75, 88, 91, 106] (0.952277336175378)
[19, 37, 55, 75, 88, 91, 106, 109] (0.952277336175378)
[19, 37, 55, 75, 88, 91, 106, 109, 127] (0.950915523187827)
[19, 37, 55, 75, 88, 91, 106, 127] (0.950915523187827)
[19, 37, 55, 75, 88, 91, 109] (0.961898840978729)
[19, 37, 55, 75, 88, 91, 109, 127] (0.960537027991178)
[19, 37, 55, 75, 88, 91, 124] (0.950663883831431)
[19, 37, 55, 75, 88, 91, 124, 127] (0.950663883831431)
[19, 37, 55, 75, 88, 91, 127] (0.961839631718401)
[19, 37, 55, 75, 88, 106] (0.952277336175378)
[19, 37, 55, 75, 88, 106, 109] (0.952277336175378)
[19, 37, 55, 75, 88, 106, 109, 127] (0.950915523187827)
[19, 37, 55, 75, 88, 106, 127] (0.950915523187827)
[19, 37, 55, 75, 88, 109] (0.961898840978729)
[19, 37, 55, 75, 88, 109, 127] (0.960537027991178)
[19, 37, 55, 75, 88, 124] (0.950663883831431)
[19, 37, 55, 75, 88, 124, 127] (0.950663883831431)
[19, 37, 55, 75, 88, 127] (0.961839631718401)
[19, 37, 55, 75, 91] (0.971268706425685)
[19, 37, 55, 75, 91, 106] (0.960344597895111)
[19, 37, 55, 75, 91, 106, 109] (0.960344597895111)
[19, 37, 55, 75, 91, 106, 109, 127] (0.958982784907560)
[19, 37, 55, 75, 91, 106, 127] (0.958982784907560)
[19, 37, 55, 75, 91, 109] (0.969966102698462)
[19, 37, 55, 75, 91, 109, 124] (0.957428541823941)
[19, 37, 55, 75, 91, 109, 124, 127] (0.957428541823941)
[19, 37, 55, 75, 91, 109, 127] (0.968604289710911)
[19, 37, 55, 75, 91, 124] (0.958731145551164)
[19, 37, 55, 75, 91, 124, 127] (0.958731145551164)
[19, 37, 55, 75, 91, 127] (0.969906893438134)
[19, 37, 55, 75, 106] (0.961587992362005)
[19, 37, 55, 75, 106, 109] (0.961587992362005)
[19, 37, 55, 75, 106, 109, 127] (0.960226179374454)
[19, 37, 55, 75, 106, 127] (0.960226179374454)
[19, 37, 55, 75, 109] (0.971209497165357)
[19, 37, 55, 75, 109, 124] (0.958671936290836)
[19, 37, 55, 75, 109, 124, 127] (0.958671936290836)
[19, 37, 55, 75, 109, 127] (0.969847684177805)
[19, 37, 55, 75, 124] (0.959974540018059)
[19, 37, 55, 75, 124, 127] (0.959974540018059)
[19, 37, 55, 75, 127] (0.971150287905028)
[19, 37, 55, 88] (0.967819767011561)
[19, 37, 55, 88, 91] (0.967819767011561)
[19, 37, 55, 88, 91, 106] (0.956895658480986)
[19, 37, 55, 88, 91, 106, 109] (0.956895658480986)
[19, 37, 55, 88, 91, 106, 109, 127] (0.955533845493435)
[19, 37, 55, 88, 91, 106, 127] (0.955533845493435)
[19, 37, 55, 88, 91, 109] (0.966517163284338)
[19, 37, 55, 88, 91, 109, 124] (0.953979602409817)
[19, 37, 55, 88, 91, 109, 124, 127] (0.953979602409817)
[19, 37, 55, 88, 91, 109, 127] (0.965155350296786)
[19, 37, 55, 88, 91, 124] (0.955282206137040)
[19, 37, 55, 88, 91, 124, 127] (0.955282206137040)
[19, 37, 55, 88, 91, 127] (0.966457954024009)
[19, 37, 55, 88, 106] (0.956895658480986)
[19, 37, 55, 88, 106, 109] (0.956895658480986)
[19, 37, 55, 88, 106, 109, 127] (0.955533845493435)
[19, 37, 55, 88, 106, 127] (0.955533845493435)
[19, 37, 55, 88, 109] (0.966517163284338)
[19, 37, 55, 88, 109, 124] (0.953979602409817)
[19, 37, 55, 88, 109, 124, 127] (0.953979602409817)
[19, 37, 55, 88, 109, 127] (0.965155350296786)
[19, 37, 55, 88, 124] (0.955282206137040)
[19, 37, 55, 88, 124, 127] (0.955282206137040)
[19, 37, 55, 88, 127] (0.966457954024009)
[19, 37, 55, 91] (0.975887028731294)
[19, 37, 55, 91, 106] (0.964962920200719)
[19, 37, 55, 91, 106, 109] (0.964962920200719)
[19, 37, 55, 91, 106, 109, 124] (0.952425359326199)
[19, 37, 55, 91, 106, 109, 124, 127] (0.952425359326199)
[19, 37, 55, 91, 106, 109, 127] (0.963601107213168)
[19, 37, 55, 91, 106, 124] (0.952425359326199)
[19, 37, 55, 91, 106, 124, 127] (0.952425359326199)
[19, 37, 55, 91, 106, 127] (0.963601107213168)
[19, 37, 55, 91, 109] (0.974584425004071)
[19, 37, 55, 91, 109, 124] (0.962046864129550)
[19, 37, 55, 91, 109, 124, 127] (0.962046864129550)
[19, 37, 55, 91, 109, 127] (0.973222612016519)
[19, 37, 55, 91, 124] (0.963349467856773)
[19, 37, 55, 91, 124, 127] (0.963349467856773)
[19, 37, 55, 91, 127] (0.974525215743742)
[19, 37, 55, 106] (0.966206314667614)
[19, 37, 55, 106, 109] (0.966206314667614)
[19, 37, 55, 106, 109, 124] (0.953668753793093)
[19, 37, 55, 106, 109, 124, 127] (0.953668753793093)
[19, 37, 55, 106, 109, 127] (0.964844501680063)
[19, 37, 55, 106, 124] (0.953668753793093)
[19, 37, 55, 106, 124, 127] (0.953668753793093)
[19, 37, 55, 106, 127] (0.964844501680063)
[19, 37, 55, 109] (0.975827819470965)
[19, 37, 55, 109, 124] (0.963290258596444)
[19, 37, 55, 109, 124, 127] (0.963290258596444)
[19, 37, 55, 109, 127] (0.974466006483414)
[19, 37, 55, 124] (0.964592862323667)
[19, 37, 55, 124, 127] (0.964592862323667)
[19, 37, 55, 127] (0.975768610210637)
[19, 37, 72] (0.962283701170863)
[19, 37, 72, 75] (0.962283701170863)
[19, 37, 72, 75, 88] (0.952973044984236)
[19, 37, 72, 75, 88, 91] (0.952973044984236)
[19, 37, 72, 75, 88, 91, 109] (0.951670441257013)
[19, 37, 72, 75, 88, 91, 109, 127] (0.950308628269461)
[19, 37, 72, 75, 88, 91, 127] (0.951611231996684)
[19, 37, 72, 75, 88, 109] (0.951670441257013)
[19, 37, 72, 75, 88, 109, 127] (0.950308628269461)
[19, 37, 72, 75, 88, 127] (0.951611231996684)
[19, 37, 72, 75, 91] (0.961040306703968)
[19, 37, 72, 75, 91, 106] (0.950116198173394)
[19, 37, 72, 75, 91, 106, 109] (0.950116198173394)
[19, 37, 72, 75, 91, 109] (0.959737702976746)
[19, 37, 72, 75, 91, 109, 127] (0.958375889989194)
[19, 37, 72, 75, 91, 127] (0.959678493716417)
[19, 37, 72, 75, 106] (0.951359592640289)
[19, 37, 72, 75, 106, 109] (0.951359592640289)
[19, 37, 72, 75, 109] (0.960981097443640)
[19, 37, 72, 75, 109, 127] (0.959619284456089)
[19, 37, 72, 75, 127] (0.960921888183312)
[19, 37, 72, 88] (0.952973044984236)
[19, 37, 72, 88, 91] (0.952973044984236)
[19, 37, 72, 88, 91, 109] (0.951670441257013)
[19, 37, 72, 88, 91, 109, 127] (0.950308628269461)
[19, 37, 72, 88, 91, 127] (0.951611231996684)
[19, 37, 72, 88, 109] (0.951670441257013)
[19, 37, 72, 88, 109, 127] (0.950308628269461)
[19, 37, 72, 88, 127] (0.951611231996684)
[19, 37, 72, 91] (0.961040306703968)
[19, 37, 72, 91, 106] (0.950116198173394)
[19, 37, 72, 91, 106, 109] (0.950116198173394)
[19, 37, 72, 91, 109] (0.959737702976746)
[19, 37, 72, 91, 109, 127] (0.958375889989194)
[19, 37, 72, 91, 127] (0.959678493716417)
[19, 37, 72, 106] (0.951359592640289)
[19, 37, 72, 106, 109] (0.951359592640289)
[19, 37, 72, 109] (0.960981097443640)
[19, 37, 72, 109, 127] (0.959619284456089)
[19, 37, 72, 127] (0.960921888183312)
[19, 37, 75] (0.980105688529686)
[19, 37, 75, 88] (0.970795032343058)
[19, 37, 75, 88, 91] (0.970795032343058)
[19, 37, 75, 88, 91, 106] (0.959870923812484)
[19, 37, 75, 88, 91, 106, 109] (0.959870923812484)
[19, 37, 75, 88, 91, 106, 109, 127] (0.958509110824933)
[19, 37, 75, 88, 91, 106, 127] (0.958509110824933)
[19, 37, 75, 88, 91, 109] (0.969492428615836)
[19, 37, 75, 88, 91, 109, 124] (0.956954867741315)
[19, 37, 75, 88, 91, 109, 124, 127] (0.956954867741315)
[19, 37, 75, 88, 91, 109, 127] (0.968130615628284)
[19, 37, 75, 88, 91, 124] (0.958257471468538)
[19, 37, 75, 88, 91, 124, 127] (0.958257471468538)
[19, 37, 75, 88, 91, 127] (0.969433219355507)
[19, 37, 75, 88, 106] (0.959870923812484)
[19, 37, 75, 88, 106, 109] (0.959870923812484)
[19, 37, 75, 88, 106, 109, 127] (0.958509110824933)
[19, 37, 75, 88, 106, 127] (0.958509110824933)
[19, 37, 75, 88, 109] (0.969492428615836)
[19, 37, 75, 88, 109, 124] (0.956954867741315)
[19, 37, 75, 88, 109, 124, 127] (0.956954867741315)
[19, 37, 75, 88, 109, 127] (0.968130615628284)
[19, 37, 75, 88, 124] (0.958257471468538)
[19, 37, 75, 88, 124, 127] (0.958257471468538)
[19, 37, 75, 88, 127] (0.969433219355507)
[19, 37, 75, 91] (0.978862294062791)
[19, 37, 75, 91, 106] (0.967938185532217)
[19, 37, 75, 91, 106, 109] (0.967938185532217)
[19, 37, 75, 91, 106, 109, 124] (0.955400624657696)
[19, 37, 75, 91, 106, 109, 124, 127] (0.955400624657696)
[19, 37, 75, 91, 106, 109, 127] (0.966576372544666)
[19, 37, 75, 91, 106, 124] (0.955400624657696)
[19, 37, 75, 91, 106, 124, 127] (0.955400624657696)
[19, 37, 75, 91, 106, 127] (0.966576372544666)
[19, 37, 75, 91, 109] (0.977559690335568)
[19, 37, 75, 91, 109, 124] (0.965022129461048)
[19, 37, 75, 91, 109, 124, 127] (0.965022129461048)
[19, 37, 75, 91, 109, 127] (0.976197877348017)
[19, 37, 75, 91, 124] (0.966324733188271)
[19, 37, 75, 91, 124, 127] (0.966324733188271)
[19, 37, 75, 91, 127] (0.977500481075240)
[19, 37, 75, 106] (0.969181579999112)
[19, 37, 75, 106, 109] (0.969181579999112)
[19, 37, 75, 106, 109, 124] (0.956644019124591)
[19, 37, 75, 106, 109, 124, 127] (0.956644019124591)
[19, 37, 75, 106, 109, 127] (0.967819767011561)
[19, 37, 75, 106, 124] (0.956644019124591)
[19, 37, 75, 106, 124, 127] (0.956644019124591)
[19, 37, 75, 106, 127] (0.967819767011561)
[19, 37, 75, 109] (0.978803084802463)
[19, 37, 75, 109, 124] (0.966265523927942)
[19, 37, 75, 109, 124, 127] (0.966265523927942)
[19, 37, 75, 109, 127] (0.977441271814912)
[19, 37, 75, 124] (0.967568127655165)
[19, 37, 75, 124, 127] (0.967568127655165)
[19, 37, 75, 127] (0.978743875542135)
[19, 37, 85] (0.953535532957354)
[19, 37, 85, 88] (0.953535532957354)
[19, 37, 85, 88, 91] (0.953535532957354)
[19, 37, 85, 88, 91, 109] (0.952232929230132)
[19, 37, 85, 88, 91, 109, 127] (0.950871116242580)
[19, 37, 85, 88, 91, 127] (0.952173719969803)
[19, 37, 85, 88, 109] (0.952232929230132)
[19, 37, 85, 88, 109, 127] (0.950871116242580)
[19, 37, 85, 88, 127] (0.952173719969803)
[19, 37, 85, 91] (0.953535532957354)
[19, 37, 85, 91, 109] (0.952232929230132)
[19, 37, 85, 91, 109, 127] (0.950871116242580)
[19, 37, 85, 91, 127] (0.952173719969803)
[19, 37, 85, 109] (0.952232929230132)
[19, 37, 85, 109, 127] (0.950871116242580)
[19, 37, 85, 127] (0.952173719969803)
[19, 37, 88] (0.975413354648667)
[19, 37, 88, 91] (0.975413354648667)
[19, 37, 88, 91, 106] (0.964489246118093)
[19, 37, 88, 91, 106, 109] (0.964489246118093)
[19, 37, 88, 91, 106, 109, 124] (0.951951685243572)
[19, 37, 88, 91, 106, 109, 124, 127] (0.951951685243572)
[19, 37, 88, 91, 106, 109, 127] (0.963127433130542)
[19, 37, 88, 91, 106, 124] (0.951951685243572)
[19, 37, 88, 91, 106, 124, 127] (0.951951685243572)
[19, 37, 88, 91, 106, 127] (0.963127433130542)
[19, 37, 88, 91, 109] (0.974110750921444)
[19, 37, 88, 91, 109, 124] (0.961573190046923)
[19, 37, 88, 91, 109, 124, 127] (0.961573190046923)
[19, 37, 88, 91, 109, 127] (0.972748937933893)
[19, 37, 88, 91, 124] (0.962875793774146)
[19, 37, 88, 91, 124, 127] (0.962875793774146)
[19, 37, 88, 91, 127] (0.974051541661116)
[19, 37, 88, 106] (0.964489246118093)
[19, 37, 88, 106, 109] (0.964489246118093)
[19, 37, 88, 106, 109, 124] (0.951951685243572)
[19, 37, 88, 106, 109, 124, 127] (0.951951685243572)
[19, 37, 88, 106, 109, 127] (0.963127433130542)
[19, 37, 88, 106, 124] (0.951951685243572)
[19, 37, 88, 106, 124, 127] (0.951951685243572)
[19, 37, 88, 106, 127] (0.963127433130542)
[19, 37, 88, 109] (0.974110750921444)
[19, 37, 88, 109, 124] (0.961573190046923)
[19, 37, 88, 109, 124, 127] (0.961573190046923)
[19, 37, 88, 109, 127] (0.972748937933893)
[19, 37, 88, 124] (0.962875793774146)
[19, 37, 88, 124, 127] (0.962875793774146)
[19, 37, 88, 127] (0.974051541661116)
[19, 37, 91] (0.983480616368400)
[19, 37, 91, 106] (0.972556507837826)
[19, 37, 91, 106, 109] (0.972556507837826)
[19, 37, 91, 106, 109, 124] (0.960018946963305)
[19, 37, 91, 106, 109, 124, 127] (0.960018946963305)
[19, 37, 91, 106, 109, 127] (0.971194694850275)
[19, 37, 91, 106, 124] (0.960018946963305)
[19, 37, 91, 106, 124, 127] (0.960018946963305)
[19, 37, 91, 106, 127] (0.971194694850275)
[19, 37, 91, 109] (0.982178012641177)
[19, 37, 91, 109, 124] (0.969640451766656)
[19, 37, 91, 109, 124, 127] (0.969640451766656)
[19, 37, 91, 109, 127] (0.980816199653626)
[19, 37, 91, 124] (0.970943055493879)
[19, 37, 91, 124, 127] (0.970943055493879)
[19, 37, 91, 127] (0.982118803380849)
[19, 37, 106] (0.973799902304720)
[19, 37, 106, 109] (0.973799902304720)
[19, 37, 106, 109, 124] (0.961262341430200)
[19, 37, 106, 109, 124, 127] (0.961262341430200)
[19, 37, 106, 109, 127] (0.972438089317169)
[19, 37, 106, 124] (0.961262341430200)
[19, 37, 106, 124, 127] (0.961262341430200)
[19, 37, 106, 127] (0.972438089317169)
[19, 37, 109] (0.983421407108072)
[19, 37, 109, 124] (0.970883846233551)
[19, 37, 109, 124, 127] (0.970883846233551)
[19, 37, 109, 127] (0.982059594120520)
[19, 37, 124] (0.972186449960774)
[19, 37, 124, 127] (0.972186449960774)
[19, 37, 127] (0.983362197847743)
[19, 52] (0.956614414494427)
[19, 52, 55] (0.956614414494427)
[19, 52, 55, 75] (0.951996092188818)
[19, 52, 55, 75, 91] (0.950752697721924)
[19, 52, 55, 75, 109] (0.950693488461595)
[19, 52, 55, 75, 127] (0.950634279201267)
[19, 52, 55, 91] (0.955371020027532)
[19, 52, 55, 91, 109] (0.954068416300309)
[19, 52, 55, 91, 109, 127] (0.952706603312758)
[19, 52, 55, 91, 127] (0.954009207039981)
[19, 52, 55, 109] (0.955311810767204)
[19, 52, 55, 109, 127] (0.953949997779653)
[19, 52, 55, 127] (0.955252601506876)
[19, 52, 75] (0.951996092188818)
[19, 52, 75, 91] (0.950752697721924)
[19, 52, 75, 109] (0.950693488461595)
[19, 52, 75, 127] (0.950634279201267)
[19, 52, 91] (0.955371020027532)
[19, 52, 91, 109] (0.954068416300309)
[19, 52, 91, 109, 127] (0.952706603312758)
[19, 52, 91, 127] (0.954009207039981)
[19, 52, 109] (0.955311810767204)
[19, 52, 109, 127] (0.953949997779653)
[19, 52, 127] (0.955252601506876)
[19, 55] (0.984753615465459)
[19, 55, 72] (0.962313305801027)
[19, 55, 72, 75] (0.962313305801027)
[19, 55, 72, 75, 88] (0.953002649614400)
[19, 55, 72, 75, 88, 91] (0.953002649614400)
[19, 55, 72, 75, 88, 91, 109] (0.951700045887177)
[19, 55, 72, 75, 88, 91, 109, 127] (0.950338232899625)
[19, 55, 72, 75, 88, 91, 127] (0.951640836626848)
[19, 55, 72, 75, 88, 109] (0.951700045887177)
[19, 55, 72, 75, 88, 109, 127] (0.950338232899625)
[19, 55, 72, 75, 88, 127] (0.951640836626848)
[19, 55, 72, 75, 91] (0.961069911334133)
[19, 55, 72, 75, 91, 106] (0.950145802803558)
[19, 55, 72, 75, 91, 106, 109] (0.950145802803558)
[19, 55, 72, 75, 91, 109] (0.959767307606910)
[19, 55, 72, 75, 91, 109, 127] (0.958405494619358)
[19, 55, 72, 75, 91, 127] (0.959708098346581)
[19, 55, 72, 75, 106] (0.951389197270453)
[19, 55, 72, 75, 106, 109] (0.951389197270453)
[19, 55, 72, 75, 106, 109, 127] (0.950027384282902)
[19, 55, 72, 75, 106, 127] (0.950027384282902)
[19, 55, 72, 75, 109] (0.961010702073804)
[19, 55, 72, 75, 109, 127] (0.959648889086253)
[19, 55, 72, 75, 127] (0.960951492813476)
[19, 55, 72, 88] (0.953002649614400)
[19, 55, 72, 88, 91] (0.953002649614400)
[19, 55, 72, 88, 91, 109] (0.951700045887177)
[19, 55, 72, 88, 91, 109, 127] (0.950338232899625)
[19, 55, 72, 88, 91, 127] (0.951640836626848)
[19, 55, 72, 88, 109] (0.951700045887177)
[19, 55, 72, 88, 109, 127] (0.950338232899625)
[19, 55, 72, 88, 127] (0.951640836626848)
[19, 55, 72, 91] (0.961069911334133)
[19, 55, 72, 91, 106] (0.950145802803558)
[19, 55, 72, 91, 106, 109] (0.950145802803558)
[19, 55, 72, 91, 109] (0.959767307606910)
[19, 55, 72, 91, 109, 127] (0.958405494619358)
[19, 55, 72, 91, 127] (0.959708098346581)
[19, 55, 72, 106] (0.951389197270453)
[19, 55, 72, 106, 109] (0.951389197270453)
[19, 55, 72, 106, 109, 127] (0.950027384282902)
[19, 55, 72, 106, 127] (0.950027384282902)
[19, 55, 72, 109] (0.961010702073804)
[19, 55, 72, 109, 127] (0.959648889086253)
[19, 55, 72, 127] (0.960951492813476)
[19, 55, 75] (0.980135293159850)
[19, 55, 75, 88] (0.970824636973223)
[19, 55, 75, 88, 91] (0.970824636973223)
[19, 55, 75, 88, 91, 106] (0.959900528442648)
[19, 55, 75, 88, 91, 106, 109] (0.959900528442648)
[19, 55, 75, 88, 91, 106, 109, 127] (0.958538715455097)
[19, 55, 75, 88, 91, 106, 127] (0.958538715455097)
[19, 55, 75, 88, 91, 109] (0.969522033246000)
[19, 55, 75, 88, 91, 109, 124] (0.956984472371479)
[19, 55, 75, 88, 91, 109, 124, 127] (0.956984472371479)
[19, 55, 75, 88, 91, 109, 127] (0.968160220258448)
[19, 55, 75, 88, 91, 124] (0.958287076098702)
[19, 55, 75, 88, 91, 124, 127] (0.958287076098702)
[19, 55, 75, 88, 91, 127] (0.969462823985671)
[19, 55, 75, 88, 106] (0.959900528442648)
[19, 55, 75, 88, 106, 109] (0.959900528442648)
[19, 55, 75, 88, 106, 109, 127] (0.958538715455097)
[19, 55, 75, 88, 106, 127] (0.958538715455097)
[19, 55, 75, 88, 109] (0.969522033246000)
[19, 55, 75, 88, 109, 124] (0.956984472371479)
[19, 55, 75, 88, 109, 124, 127] (0.956984472371479)
[19, 55, 75, 88, 109, 127] (0.968160220258448)
[19, 55, 75, 88, 124] (0.958287076098702)
[19, 55, 75, 88, 124, 127] (0.958287076098702)
[19, 55, 75, 88, 127] (0.969462823985671)
[19, 55, 75, 91] (0.978891898692956)
[19, 55, 75, 91, 106] (0.967967790162381)
[19, 55, 75, 91, 106, 109] (0.967967790162381)
[19, 55, 75, 91, 106, 109, 124] (0.955430229287861)
[19, 55, 75, 91, 106, 109, 124, 127] (0.955430229287861)
[19, 55, 75, 91, 106, 109, 127] (0.966605977174830)
[19, 55, 75, 91, 106, 124] (0.955430229287861)
[19, 55, 75, 91, 106, 124, 127] (0.955430229287861)
[19, 55, 75, 91, 106, 127] (0.966605977174830)
[19, 55, 75, 91, 109] (0.977589294965733)
[19, 55, 75, 91, 109, 124] (0.965051734091212)
[19, 55, 75, 91, 109, 124, 127] (0.965051734091212)
[19, 55, 75, 91, 109, 127] (0.976227481978181)
[19, 55, 75, 91, 124] (0.966354337818435)
[19, 55, 75, 91, 124, 127] (0.966354337818435)
[19, 55, 75, 91, 127] (0.977530085705404)
[19, 55, 75, 106] (0.969211184629276)
[19, 55, 75, 106, 109] (0.969211184629276)
[19, 55, 75, 106, 109, 124] (0.956673623754755)
[19, 55, 75, 106, 109, 124, 127] (0.956673623754755)
[19, 55, 75, 106, 109, 127] (0.967849371641725)
[19, 55, 75, 106, 124] (0.956673623754755)
[19, 55, 75, 106, 124, 127] (0.956673623754755)
[19, 55, 75, 106, 127] (0.967849371641725)
[19, 55, 75, 109] (0.978832689432627)
[19, 55, 75, 109, 124] (0.966295128558107)
[19, 55, 75, 109, 124, 127] (0.966295128558107)
[19, 55, 75, 109, 127] (0.977470876445076)
[19, 55, 75, 124] (0.967597732285329)
[19, 55, 75, 124, 127] (0.967597732285329)
[19, 55, 75, 127] (0.978773480172299)
[19, 55, 85] (0.953565137587519)
[19, 55, 85, 88] (0.953565137587519)
[19, 55, 85, 88, 91] (0.953565137587519)
[19, 55, 85, 88, 91, 109] (0.952262533860296)
[19, 55, 85, 88, 91, 109, 127] (0.950900720872744)
[19, 55, 85, 88, 91, 127] (0.952203324599967)
[19, 55, 85, 88, 109] (0.952262533860296)
[19, 55, 85, 88, 109, 127] (0.950900720872744)
[19, 55, 85, 88, 127] (0.952203324599967)
[19, 55, 85, 91] (0.953565137587519)
[19, 55, 85, 91, 109] (0.952262533860296)
[19, 55, 85, 91, 109, 127] (0.950900720872744)
[19, 55, 85, 91, 127] (0.952203324599967)
[19, 55, 85, 109] (0.952262533860296)
[19, 55, 85, 109, 127] (0.950900720872744)
[19, 55, 85, 127] (0.952203324599967)
[19, 55, 88] (0.975442959278831)
[19, 55, 88, 91] (0.975442959278831)
[19, 55, 88, 91, 106] (0.964518850748257)
[19, 55, 88, 91, 106, 109] (0.964518850748257)
[19, 55, 88, 91, 106, 109, 124] (0.951981289873736)
[19, 55, 88, 91, 106, 109, 124, 127] (0.951981289873736)
[19, 55, 88, 91, 106, 109, 127] (0.963157037760706)
[19, 55, 88, 91, 106, 124] (0.951981289873736)
[19, 55, 88, 91, 106, 124, 127] (0.951981289873736)
[19, 55, 88, 91, 106, 127] (0.963157037760706)
[19, 55, 88, 91, 109] (0.974140355551608)
[19, 55, 88, 91, 109, 124] (0.961602794677088)
[19, 55, 88, 91, 109, 124, 127] (0.961602794677088)
[19, 55, 88, 91, 109, 127] (0.972778542564057)
[19, 55, 88, 91, 124] (0.962905398404310)
[19, 55, 88, 91, 124, 127] (0.962905398404310)
[19, 55, 88, 91, 127] (0.974081146291280)
[19, 55, 88, 106] (0.964518850748257)
[19, 55, 88, 106, 109] (0.964518850748257)
[19, 55, 88, 106, 109, 124] (0.951981289873736)
[19, 55, 88, 106, 109, 124, 127] (0.951981289873736)
[19, 55, 88, 106, 109, 127] (0.963157037760706)
[19, 55, 88, 106, 124] (0.951981289873736)
[19, 55, 88, 106, 124, 127] (0.951981289873736)
[19, 55, 88, 106, 127] (0.963157037760706)
[19, 55, 88, 109] (0.974140355551608)
[19, 55, 88, 109, 124] (0.961602794677088)
[19, 55, 88, 109, 124, 127] (0.961602794677088)
[19, 55, 88, 109, 127] (0.972778542564057)
[19, 55, 88, 124] (0.962905398404310)
[19, 55, 88, 124, 127] (0.962905398404310)
[19, 55, 88, 127] (0.974081146291280)
[19, 55, 91] (0.983510220998564)
[19, 55, 91, 106] (0.972586112467990)
[19, 55, 91, 106, 109] (0.972586112467990)
[19, 55, 91, 106, 109, 124] (0.960048551593469)
[19, 55, 91, 106, 109, 124, 127] (0.960048551593469)
[19, 55, 91, 106, 109, 127] (0.971224299480439)
[19, 55, 91, 106, 124] (0.960048551593469)
[19, 55, 91, 106, 124, 127] (0.960048551593469)
[19, 55, 91, 106, 127] (0.971224299480439)
[19, 55, 91, 109] (0.982207617271341)
[19, 55, 91, 109, 124] (0.969670056396820)
[19, 55, 91, 109, 124, 127] (0.969670056396820)
[19, 55, 91, 109, 127] (0.980845804283790)
[19, 55, 91, 124] (0.970972660124043)
[19, 55, 91, 124, 127] (0.970972660124043)
[19, 55, 91, 127] (0.982148408011013)
[19, 55, 106] (0.973829506934885)
[19, 55, 106, 109] (0.973829506934885)
[19, 55, 106, 109, 124] (0.961291946060364)
[19, 55, 106, 109, 124, 127] (0.961291946060364)
[19, 55, 106, 109, 127] (0.972467693947333)
[19, 55, 106, 124] (0.961291946060364)
[19, 55, 106, 124, 127] (0.961291946060364)
[19, 55, 106, 127] (0.972467693947333)
[19, 55, 109] (0.983451011738236)
[19, 55, 109, 124] (0.970913450863715)
[19, 55, 109, 124, 127] (0.970913450863715)
[19, 55, 109, 127] (0.982089198750685)
[19, 55, 124] (0.972216054590938)
[19, 55, 124, 127] (0.972216054590938)
[19, 55, 127] (0.983391802477908)
[19, 72] (0.969906893438134)
[19, 72, 75] (0.969906893438134)
[19, 72, 75, 88] (0.960596237251506)
[19, 72, 75, 88, 91] (0.960596237251506)
[19, 72, 75, 88, 91, 109] (0.959293633524283)
[19, 72, 75, 88, 91, 109, 127] (0.957931820536732)
[19, 72, 75, 88, 91, 127] (0.959234424263955)
[19, 72, 75, 88, 109] (0.959293633524283)
[19, 72, 75, 88, 109, 127] (0.957931820536732)
[19, 72, 75, 88, 127] (0.959234424263955)
[19, 72, 75, 91] (0.968663498971239)
[19, 72, 75, 91, 106] (0.957739390440665)
[19, 72, 75, 91, 106, 109] (0.957739390440665)
[19, 72, 75, 91, 106, 109, 127] (0.956377577453114)
[19, 72, 75, 91, 106, 127] (0.956377577453114)
[19, 72, 75, 91, 109] (0.967360895244016)
[19, 72, 75, 91, 109, 124] (0.954823334369495)
[19, 72, 75, 91, 109, 124, 127] (0.954823334369495)
[19, 72, 75, 91, 109, 127] (0.965999082256465)
[19, 72, 75, 91, 124] (0.956125938096718)
[19, 72, 75, 91, 124, 127] (0.956125938096718)
[19, 72, 75, 91, 127] (0.967301685983688)
[19, 72, 75, 106] (0.958982784907560)
[19, 72, 75, 106, 109] (0.958982784907560)
[19, 72, 75, 106, 109, 127] (0.957620971920008)
[19, 72, 75, 106, 127] (0.957620971920008)
[19, 72, 75, 109] (0.968604289710911)
[19, 72, 75, 109, 124] (0.956066728836390)
[19, 72, 75, 109, 124, 127] (0.956066728836390)
[19, 72, 75, 109, 127] (0.967242476723360)
[19, 72, 75, 124] (0.957369332563613)
[19, 72, 75, 124, 127] (0.957369332563613)
[19, 72, 75, 127] (0.968545080450583)
[19, 72, 88] (0.960596237251506)
[19, 72, 88, 91] (0.960596237251506)
[19, 72, 88, 91, 109] (0.959293633524283)
[19, 72, 88, 91, 109, 127] (0.957931820536732)
[19, 72, 88, 91, 127] (0.959234424263955)
[19, 72, 88, 109] (0.959293633524283)
[19, 72, 88, 109, 127] (0.957931820536732)
[19, 72, 88, 127] (0.959234424263955)
[19, 72, 91] (0.968663498971239)
[19, 72, 91, 106] (0.957739390440665)
[19, 72, 91, 106, 109] (0.957739390440665)
[19, 72, 91, 106, 109, 127] (0.956377577453114)
[19, 72, 91, 106, 127] (0.956377577453114)
[19, 72, 91, 109] (0.967360895244016)
[19, 72, 91, 109, 124] (0.954823334369495)
[19, 72, 91, 109, 124, 127] (0.954823334369495)
[19, 72, 91, 109, 127] (0.965999082256465)
[19, 72, 91, 124] (0.956125938096718)
[19, 72, 91, 124, 127] (0.956125938096718)
[19, 72, 91, 127] (0.967301685983688)
[19, 72, 106] (0.958982784907560)
[19, 72, 106, 109] (0.958982784907560)
[19, 72, 106, 109, 127] (0.957620971920008)
[19, 72, 106, 127] (0.957620971920008)
[19, 72, 109] (0.968604289710911)
[19, 72, 109, 124] (0.956066728836390)
[19, 72, 109, 124, 127] (0.956066728836390)
[19, 72, 109, 127] (0.967242476723360)
[19, 72, 124] (0.957369332563613)
[19, 72, 124, 127] (0.957369332563613)
[19, 72, 127] (0.968545080450583)
[19, 75] (0.987728880796957)
[19, 75, 85] (0.956540402919017)
[19, 75, 85, 88] (0.956540402919017)
[19, 75, 85, 88, 91] (0.956540402919017)
[19, 75, 85, 88, 91, 109] (0.955237799191794)
[19, 75, 85, 88, 91, 109, 127] (0.953875986204242)
[19, 75, 85, 88, 91, 127] (0.955178589931465)
[19, 75, 85, 88, 109] (0.955237799191794)
[19, 75, 85, 88, 109, 127] (0.953875986204242)
[19, 75, 85, 88, 127] (0.955178589931465)
[19, 75, 85, 91] (0.956540402919017)
[19, 75, 85, 91, 109] (0.955237799191794)
[19, 75, 85, 91, 109, 127] (0.953875986204242)
[19, 75, 85, 91, 127] (0.955178589931465)
[19, 75, 85, 109] (0.955237799191794)
[19, 75, 85, 109, 127] (0.953875986204242)
[19, 75, 85, 127] (0.955178589931465)
[19, 75, 88] (0.978418224610329)
[19, 75, 88, 91] (0.978418224610329)
[19, 75, 88, 91, 106] (0.967494116079755)
[19, 75, 88, 91, 106, 109] (0.967494116079755)
[19, 75, 88, 91, 106, 109, 124] (0.954956555205234)
[19, 75, 88, 91, 106, 109, 124, 127] (0.954956555205234)
[19, 75, 88, 91, 106, 109, 127] (0.966132303092204)
[19, 75, 88, 91, 106, 124] (0.954956555205234)
[19, 75, 88, 91, 106, 124, 127] (0.954956555205234)
[19, 75, 88, 91, 106, 127] (0.966132303092204)
[19, 75, 88, 91, 109] (0.977115620883106)
[19, 75, 88, 91, 109, 124] (0.964578060008585)
[19, 75, 88, 91, 109, 124, 127] (0.964578060008585)
[19, 75, 88, 91, 109, 127] (0.975753807895555)
[19, 75, 88, 91, 124] (0.965880663735808)
[19, 75, 88, 91, 124, 127] (0.965880663735808)
[19, 75, 88, 91, 127] (0.977056411622778)
[19, 75, 88, 106] (0.967494116079755)
[19, 75, 88, 106, 109] (0.967494116079755)
[19, 75, 88, 106, 109, 124] (0.954956555205234)
[19, 75, 88, 106, 109, 124, 127] (0.954956555205234)
[19, 75, 88, 106, 109, 127] (0.966132303092204)
[19, 75, 88, 106, 124] (0.954956555205234)
[19, 75, 88, 106, 124, 127] (0.954956555205234)
[19, 75, 88, 106, 127] (0.966132303092204)
[19, 75, 88, 109] (0.977115620883106)
[19, 75, 88, 109, 124] (0.964578060008585)
[19, 75, 88, 109, 124, 127] (0.964578060008585)
[19, 75, 88, 109, 127] (0.975753807895555)
[19, 75, 88, 124] (0.965880663735808)
[19, 75, 88, 124, 127] (0.965880663735808)
[19, 75, 88, 127] (0.977056411622778)
[19, 75, 91] (0.986485486330062)
[19, 75, 91, 106] (0.975561377799488)
[19, 75, 91, 106, 109] (0.975561377799488)
[19, 75, 91, 106, 109, 124] (0.963023816924967)
[19, 75, 91, 106, 109, 124, 127] (0.963023816924967)
[19, 75, 91, 106, 109, 127] (0.974199564811937)
[19, 75, 91, 106, 124] (0.963023816924967)
[19, 75, 91, 106, 124, 127] (0.963023816924967)
[19, 75, 91, 106, 127] (0.974199564811937)
[19, 75, 91, 109] (0.985182882602839)
[19, 75, 91, 109, 124] (0.972645321728318)
[19, 75, 91, 109, 124, 127] (0.972645321728318)
[19, 75, 91, 109, 127] (0.983821069615288)
[19, 75, 91, 124] (0.973947925455541)
[19, 75, 91, 124, 127] (0.973947925455541)
[19, 75, 91, 127] (0.985123673342511)
[19, 75, 106] (0.976804772266383)
[19, 75, 106, 109] (0.976804772266383)
[19, 75, 106, 109, 124] (0.964267211391862)
[19, 75, 106, 109, 124, 127] (0.964267211391862)
[19, 75, 106, 109, 127] (0.975442959278831)
[19, 75, 106, 124] (0.964267211391862)
[19, 75, 106, 124, 127] (0.964267211391862)
[19, 75, 106, 127] (0.975442959278831)
[19, 75, 109] (0.986426277069734)
[19, 75, 109, 124] (0.973888716195213)
[19, 75, 109, 124, 127] (0.973888716195213)
[19, 75, 109, 127] (0.985064464082182)
[19, 75, 124] (0.975191319922436)
[19, 75, 124, 127] (0.975191319922436)
[19, 75, 127] (0.986367067809405)
[19, 85] (0.961158725224625)
[19, 85, 88] (0.961158725224625)
[19, 85, 88, 91] (0.961158725224625)
[19, 85, 88, 91, 106] (0.950234616694051)
[19, 85, 88, 91, 106, 109] (0.950234616694051)
[19, 85, 88, 91, 109] (0.959856121497402)
[19, 85, 88, 91, 109, 127] (0.958494308509851)
[19, 85, 88, 91, 127] (0.959796912237074)
[19, 85, 88, 106] (0.950234616694051)
[19, 85, 88, 106, 109] (0.950234616694051)
[19, 85, 88, 109] (0.959856121497402)
[19, 85, 88, 109, 127] (0.958494308509851)
[19, 85, 88, 127] (0.959796912237074)
[19, 85, 91] (0.961158725224625)
[19, 85, 91, 106] (0.950234616694051)
[19, 85, 91, 106, 109] (0.950234616694051)
[19, 85, 91, 109] (0.959856121497402)
[19, 85, 91, 109, 127] (0.958494308509851)
[19, 85, 91, 127] (0.959796912237074)
[19, 85, 106] (0.950234616694051)
[19, 85, 106, 109] (0.950234616694051)
[19, 85, 109] (0.959856121497402)
[19, 85, 109, 127] (0.958494308509851)
[19, 85, 127] (0.959796912237074)
[19, 88] (0.983036546915938)
[19, 88, 91] (0.983036546915938)
[19, 88, 91, 106] (0.972112438385363)
[19, 88, 91, 106, 109] (0.972112438385363)
[19, 88, 91, 106, 109, 124] (0.959574877510843)
[19, 88, 91, 106, 109, 124, 127] (0.959574877510843)
[19, 88, 91, 106, 109, 127] (0.970750625397812)
[19, 88, 91, 106, 124] (0.959574877510843)
[19, 88, 91, 106, 124, 127] (0.959574877510843)
[19, 88, 91, 106, 127] (0.970750625397812)
[19, 88, 91, 109] (0.981733943188715)
[19, 88, 91, 109, 124] (0.969196382314194)
[19, 88, 91, 109, 124, 127] (0.969196382314194)
[19, 88, 91, 109, 127] (0.980372130201163)
[19, 88, 91, 124] (0.970498986041417)
[19, 88, 91, 124, 127] (0.970498986041417)
[19, 88, 91, 127] (0.981674733928386)
[19, 88, 106] (0.972112438385363)
[19, 88, 106, 109] (0.972112438385363)
[19, 88, 106, 109, 124] (0.959574877510843)
[19, 88, 106, 109, 124, 127] (0.959574877510843)
[19, 88, 106, 109, 127] (0.970750625397812)
[19, 88, 106, 124] (0.959574877510843)
[19, 88, 106, 124, 127] (0.959574877510843)
[19, 88, 106, 127] (0.970750625397812)
[19, 88, 109] (0.981733943188715)
[19, 88, 109, 124] (0.969196382314194)
[19, 88, 109, 124, 127] (0.969196382314194)
[19, 88, 109, 127] (0.980372130201163)
[19, 88, 124] (0.970498986041417)
[19, 88, 124, 127] (0.970498986041417)
[19, 88, 127] (0.981674733928386)
[19, 91] (0.991103808635671)
[19, 91, 103] (0.950871116242580)
[19, 91, 103, 106] (0.950871116242580)
[19, 91, 103, 106, 109] (0.950871116242580)
[19, 91, 103, 109] (0.950871116242580)
[19, 91, 106] (0.980179700105096)
[19, 91, 106, 109] (0.980179700105096)
[19, 91, 106, 109, 124] (0.967642139230576)
[19, 91, 106, 109, 124, 127] (0.967642139230576)
[19, 91, 106, 109, 127] (0.978817887117545)
[19, 91, 106, 124] (0.967642139230576)
[19, 91, 106, 124, 127] (0.967642139230576)
[19, 91, 106, 127] (0.978817887117545)
[19, 91, 109] (0.989801204908448)
[19, 91, 109, 124] (0.977263644033927)
[19, 91, 109, 124, 127] (0.977263644033927)
[19, 91, 109, 127] (0.988439391920896)
[19, 91, 124] (0.978566247761150)
[19, 91, 124, 127] (0.978566247761150)
[19, 91, 127] (0.989741995648119)
[19, 103] (0.952114510709475)
[19, 103, 106] (0.952114510709475)
[19, 103, 106, 109] (0.952114510709475)
[19, 103, 106, 109, 127] (0.950752697721924)
[19, 103, 106, 127] (0.950752697721924)
[19, 103, 109] (0.952114510709475)
[19, 103, 109, 127] (0.950752697721924)
[19, 103, 127] (0.950752697721924)
[19, 106] (0.981423094571991)
[19, 106, 109] (0.981423094571991)
[19, 106, 109, 124] (0.968885533697470)
[19, 106, 109, 124, 127] (0.968885533697470)
[19, 106, 109, 127] (0.980061281584440)
[19, 106, 124] (0.968885533697470)
[19, 106, 124, 127] (0.968885533697470)
[19, 106, 127] (0.980061281584440)
[19, 109] (0.991044599375342)
[19, 109, 124] (0.978507038500822)
[19, 109, 124, 127] (0.978507038500822)
[19, 109, 127] (0.989682786387791)
[19, 124] (0.979809642228044)
[19, 124, 127] (0.979809642228044)
[19, 127] (0.990985390115014)
[34] (0.965170152611868)
[34, 37] (0.965170152611868)
[34, 37, 55] (0.957576564974762)
[34, 37, 55, 75] (0.952958242669153)
[34, 37, 55, 75, 91] (0.951714848202259)
[34, 37, 55, 75, 91, 109] (0.950412244475036)
[34, 37, 55, 75, 91, 127] (0.950353035214708)
[34, 37, 55, 75, 109] (0.951655638941931)
[34, 37, 55, 75, 109, 127] (0.950293825954379)
[34, 37, 55, 75, 127] (0.951596429681602)
[34, 37, 55, 91] (0.956333170507867)
[34, 37, 55, 91, 109] (0.955030566780644)
[34, 37, 55, 91, 109, 127] (0.953668753793093)
[34, 37, 55, 91, 127] (0.954971357520316)
[34, 37, 55, 109] (0.956273961247539)
[34, 37, 55, 109, 127] (0.954912148259988)
[34, 37, 55, 127] (0.956214751987211)
[34, 37, 75] (0.960551830306260)
[34, 37, 75, 88] (0.951241174119632)
[34, 37, 75, 88, 91] (0.951241174119632)
[34, 37, 75, 91] (0.959308435839365)
[34, 37, 75, 91, 109] (0.958005832112142)
[34, 37, 75, 91, 109, 127] (0.956644019124591)
[34, 37, 75, 91, 127] (0.957946622851814)
[34, 37, 75, 109] (0.959249226579037)
[34, 37, 75, 109, 127] (0.957887413591486)
[34, 37, 75, 127] (0.959190017318709)
[34, 37, 88] (0.955859496425241)
[34, 37, 88, 91] (0.955859496425241)
[34, 37, 88, 91, 109] (0.954556892698018)
[34, 37, 88, 91, 109, 127] (0.953195079710467)
[34, 37, 88, 91, 127] (0.954497683437690)
[34, 37, 88, 109] (0.954556892698018)
[34, 37, 88, 109, 127] (0.953195079710467)
[34, 37, 88, 127] (0.954497683437690)
[34, 37, 91] (0.963926758144974)
[34, 37, 91, 106] (0.953002649614400)
[34, 37, 91, 106, 109] (0.953002649614400)
[34, 37, 91, 106, 109, 127] (0.951640836626848)
[34, 37, 91, 106, 127] (0.951640836626848)
[34, 37, 91, 109] (0.962624154417751)
[34, 37, 91, 109, 124] (0.950086593543230)
[34, 37, 91, 109, 124, 127] (0.950086593543230)
[34, 37, 91, 109, 127] (0.961262341430200)
[34, 37, 91, 124] (0.951389197270453)
[34, 37, 91, 124, 127] (0.951389197270453)
[34, 37, 91, 127] (0.962564945157423)
[34, 37, 106] (0.954246044081294)
[34, 37, 106, 109] (0.954246044081294)
[34, 37, 106, 109, 127] (0.952884231093743)
[34, 37, 106, 127] (0.952884231093743)
[34, 37, 109] (0.963867548884646)
[34, 37, 109, 124] (0.951329988010125)
[34, 37, 109, 124, 127] (0.951329988010125)
[34, 37, 109, 127] (0.962505735897094)
[34, 37, 124] (0.952632591737348)
[34, 37, 124, 127] (0.952632591737348)
[34, 37, 127] (0.963808339624317)
[34, 55] (0.957576564974762)
[34, 55, 75] (0.952958242669153)
[34, 55, 75, 91] (0.951714848202259)
[34, 55, 75, 91, 109] (0.950412244475036)
[34, 55, 75, 91, 127] (0.950353035214708)
[34, 55, 75, 109] (0.951655638941931)
[34, 55, 75, 109, 127] (0.950293825954379)
[34, 55, 75, 127] (0.951596429681602)
[34, 55, 91] (0.956333170507867)
[34, 55, 91, 109] (0.955030566780644)
[34, 55, 91, 109, 127] (0.953668753793093)
[34, 55, 91, 127] (0.954971357520316)
[34, 55, 109] (0.956273961247539)
[34, 55, 109, 127] (0.954912148259988)
[34, 55, 127] (0.956214751987211)
[34, 75] (0.960551830306260)
[34, 75, 88] (0.951241174119632)
[34, 75, 88, 91] (0.951241174119632)
[34, 75, 91] (0.959308435839365)
[34, 75, 91, 109] (0.958005832112142)
[34, 75, 91, 109, 127] (0.956644019124591)
[34, 75, 91, 127] (0.957946622851814)
[34, 75, 109] (0.959249226579037)
[34, 75, 109, 127] (0.957887413591486)
[34, 75, 127] (0.959190017318709)
[34, 88] (0.955859496425241)
[34, 88, 91] (0.955859496425241)
[34, 88, 91, 109] (0.954556892698018)
[34, 88, 91, 109, 127] (0.953195079710467)
[34, 88, 91, 127] (0.954497683437690)
[34, 88, 109] (0.954556892698018)
[34, 88, 109, 127] (0.953195079710467)
[34, 88, 127] (0.954497683437690)
[34, 91] (0.963926758144974)
[34, 91, 106] (0.953002649614400)
[34, 91, 106, 109] (0.953002649614400)
[34, 91, 106, 109, 127] (0.951640836626848)
[34, 91, 106, 127] (0.951640836626848)
[34, 91, 109] (0.962624154417751)
[34, 91, 109, 124] (0.950086593543230)
[34, 91, 109, 124, 127] (0.950086593543230)
[34, 91, 109, 127] (0.961262341430200)
[34, 91, 124] (0.951389197270453)
[34, 91, 124, 127] (0.951389197270453)
[34, 91, 127] (0.962564945157423)
[34, 106] (0.954246044081294)
[34, 106, 109] (0.954246044081294)
[34, 106, 109, 127] (0.952884231093743)
[34, 106, 127] (0.952884231093743)
[34, 109] (0.963867548884646)
[34, 109, 124] (0.951329988010125)
[34, 109, 124, 127] (0.951329988010125)
[34, 109, 127] (0.962505735897094)
[34, 124] (0.952632591737348)
[34, 124, 127] (0.952632591737348)
[34, 127] (0.963808339624317)
[37] (0.992376807732729)
[37, 52] (0.956644019124591)
[37, 52, 55] (0.956644019124591)
[37, 52, 55, 75] (0.952025696818983)
[37, 52, 55, 75, 91] (0.950782302352088)
[37, 52, 55, 75, 109] (0.950723093091760)
[37, 52, 55, 75, 127] (0.950663883831431)
[37, 52, 55, 91] (0.955400624657696)
[37, 52, 55, 91, 109] (0.954098020930474)
[37, 52, 55, 91, 109, 127] (0.952736207942922)
[37, 52, 55, 91, 127] (0.954038811670145)
[37, 52, 55, 109] (0.955341415397368)
[37, 52, 55, 109, 127] (0.953979602409817)
[37, 52, 55, 127] (0.955282206137040)
[37, 52, 75] (0.952025696818983)
[37, 52, 75, 91] (0.950782302352088)
[37, 52, 75, 109] (0.950723093091760)
[37, 52, 75, 127] (0.950663883831431)
[37, 52, 91] (0.955400624657696)
[37, 52, 91, 109] (0.954098020930474)
[37, 52, 91, 109, 127] (0.952736207942922)
[37, 52, 91, 127] (0.954038811670145)
[37, 52, 109] (0.955341415397368)
[37, 52, 109, 127] (0.953979602409817)
[37, 52, 127] (0.955282206137040)
[37, 55] (0.984783220095623)
[37, 55, 72] (0.962342910431191)
[37, 55, 72, 75] (0.962342910431191)
[37, 55, 72, 75, 88] (0.953032254244564)
[37, 55, 72, 75, 88, 91] (0.953032254244564)
[37, 55, 72, 75, 88, 91, 109] (0.951729650517341)
[37, 55, 72, 75, 88, 91, 109, 127] (0.950367837529790)
[37, 55, 72, 75, 88, 91, 127] (0.951670441257013)
[37, 55, 72, 75, 88, 109] (0.951729650517341)
[37, 55, 72, 75, 88, 109, 127] (0.950367837529790)
[37, 55, 72, 75, 88, 127] (0.951670441257013)
[37, 55, 72, 75, 91] (0.961099515964297)
[37, 55, 72, 75, 91, 106] (0.950175407433723)
[37, 55, 72, 75, 91, 106, 109] (0.950175407433723)
[37, 55, 72, 75, 91, 109] (0.959796912237074)
[37, 55, 72, 75, 91, 109, 127] (0.958435099249523)
[37, 55, 72, 75, 91, 127] (0.959737702976746)
[37, 55, 72, 75, 106] (0.951418801900617)
[37, 55, 72, 75, 106, 109] (0.951418801900617)
[37, 55, 72, 75, 106, 109, 127] (0.950056988913066)
[37, 55, 72, 75, 106, 127] (0.950056988913066)
[37, 55, 72, 75, 109] (0.961040306703968)
[37, 55, 72, 75, 109, 127] (0.959678493716417)
[37, 55, 72, 75, 127] (0.960981097443640)
[37, 55, 72, 88] (0.953032254244564)
[37, 55, 72, 88, 91] (0.953032254244564)
[37, 55, 72, 88, 91, 109] (0.951729650517341)
[37, 55, 72, 88, 91, 109, 127] (0.950367837529790)
[37, 55, 72, 88, 91, 127] (0.951670441257013)
[37, 55, 72, 88, 109] (0.951729650517341)
[37, 55, 72, 88, 109, 127] (0.950367837529790)
[37, 55, 72, 88, 127] (0.951670441257013)
[37, 55, 72, 91] (0.961099515964297)
[37, 55, 72, 91, 106] (0.950175407433723)
[37, 55, 72, 91, 106, 109] (0.950175407433723)
[37, 55, 72, 91, 109] (0.959796912237074)
[37, 55, 72, 91, 109, 127] (0.958435099249523)
[37, 55, 72, 91, 127] (0.959737702976746)
[37, 55, 72, 106] (0.951418801900617)
[37, 55, 72, 106, 109] (0.951418801900617)
[37, 55, 72, 106, 109, 127] (0.950056988913066)
[37, 55, 72, 106, 127] (0.950056988913066)
[37, 55, 72, 109] (0.961040306703968)
[37, 55, 72, 109, 127] (0.959678493716417)
[37, 55, 72, 127] (0.960981097443640)
[37, 55, 75] (0.980164897790014)
[37, 55, 75, 88] (0.970854241603387)
[37, 55, 75, 88, 91] (0.970854241603387)
[37, 55, 75, 88, 91, 106] (0.959930133072813)
[37, 55, 75, 88, 91, 106, 109] (0.959930133072813)
[37, 55, 75, 88, 91, 106, 109, 127] (0.958568320085261)
[37, 55, 75, 88, 91, 106, 127] (0.958568320085261)
[37, 55, 75, 88, 91, 109] (0.969551637876164)
[37, 55, 75, 88, 91, 109, 124] (0.957014077001643)
[37, 55, 75, 88, 91, 109, 124, 127] (0.957014077001643)
[37, 55, 75, 88, 91, 109, 127] (0.968189824888613)
[37, 55, 75, 88, 91, 124] (0.958316680728866)
[37, 55, 75, 88, 91, 124, 127] (0.958316680728866)
[37, 55, 75, 88, 91, 127] (0.969492428615836)
[37, 55, 75, 88, 106] (0.959930133072813)
[37, 55, 75, 88, 106, 109] (0.959930133072813)
[37, 55, 75, 88, 106, 109, 127] (0.958568320085261)
[37, 55, 75, 88, 106, 127] (0.958568320085261)
[37, 55, 75, 88, 109] (0.969551637876164)
[37, 55, 75, 88, 109, 124] (0.957014077001643)
[37, 55, 75, 88, 109, 124, 127] (0.957014077001643)
[37, 55, 75, 88, 109, 127] (0.968189824888613)
[37, 55, 75, 88, 124] (0.958316680728866)
[37, 55, 75, 88, 124, 127] (0.958316680728866)
[37, 55, 75, 88, 127] (0.969492428615836)
[37, 55, 75, 91] (0.978921503323120)
[37, 55, 75, 91, 106] (0.967997394792546)
[37, 55, 75, 91, 106, 109] (0.967997394792546)
[37, 55, 75, 91, 106, 109, 124] (0.955459833918025)
[37, 55, 75, 91, 106, 109, 124, 127] (0.955459833918025)
[37, 55, 75, 91, 106, 109, 127] (0.966635581804994)
[37, 55, 75, 91, 106, 124] (0.955459833918025)
[37, 55, 75, 91, 106, 124, 127] (0.955459833918025)
[37, 55, 75, 91, 106, 127] (0.966635581804994)
[37, 55, 75, 91, 109] (0.977618899595897)
[37, 55, 75, 91, 109, 124] (0.965081338721376)
[37, 55, 75, 91, 109, 124, 127] (0.965081338721376)
[37, 55, 75, 91, 109, 127] (0.976257086608346)
[37, 55, 75, 91, 124] (0.966383942448599)
[37, 55, 75, 91, 124, 127] (0.966383942448599)
[37, 55, 75, 91, 127] (0.977559690335568)
[37, 55, 75, 106] (0.969240789259440)
[37, 55, 75, 106, 109] (0.969240789259440)
[37, 55, 75, 106, 109, 124] (0.956703228384919)
[37, 55, 75, 106, 109, 124, 127] (0.956703228384919)
[37, 55, 75, 106, 109, 127] (0.967878976271889)
[37, 55, 75, 106, 124] (0.956703228384919)
[37, 55, 75, 106, 124, 127] (0.956703228384919)
[37, 55, 75, 106, 127] (0.967878976271889)
[37, 55, 75, 109] (0.978862294062791)
[37, 55, 75, 109, 124] (0.966324733188271)
[37, 55, 75, 109, 124, 127] (0.966324733188271)
[37, 55, 75, 109, 127] (0.977500481075240)
[37, 55, 75, 124] (0.967627336915494)
[37, 55, 75, 124, 127] (0.967627336915494)
[37, 55, 75, 127] (0.978803084802463)
[37, 55, 85] (0.953594742217683)
[37, 55, 85, 88] (0.953594742217683)
[37, 55, 85, 88, 91] (0.953594742217683)
[37, 55, 85, 88, 91, 109] (0.952292138490460)
[37, 55, 85, 88, 91, 109, 127] (0.950930325502909)
[37, 55, 85, 88, 91, 127] (0.952232929230132)
[37, 55, 85, 88, 109] (0.952292138490460)
[37, 55, 85, 88, 109, 127] (0.950930325502909)
[37, 55, 85, 88, 127] (0.952232929230132)
[37, 55, 85, 91] (0.953594742217683)
[37, 55, 85, 91, 109] (0.952292138490460)
[37, 55, 85, 91, 109, 127] (0.950930325502909)
[37, 55, 85, 91, 127] (0.952232929230132)
[37, 55, 85, 109] (0.952292138490460)
[37, 55, 85, 109, 127] (0.950930325502909)
[37, 55, 85, 127] (0.952232929230132)
[37, 55, 88] (0.975472563908995)
[37, 55, 88, 91] (0.975472563908995)
[37, 55, 88, 91, 106] (0.964548455378421)
[37, 55, 88, 91, 106, 109] (0.964548455378421)
[37, 55, 88, 91, 106, 109, 124] (0.952010894503900)
[37, 55, 88, 91, 106, 109, 124, 127] (0.952010894503900)
[37, 55, 88, 91, 106, 109, 127] (0.963186642390870)
[37, 55, 88, 91, 106, 124] (0.952010894503900)
[37, 55, 88, 91, 106, 124, 127] (0.952010894503900)
[37, 55, 88, 91, 106, 127] (0.963186642390870)
[37, 55, 88, 91, 109] (0.974169960181772)
[37, 55, 88, 91, 109, 124] (0.961632399307252)
[37, 55, 88, 91, 109, 124, 127] (0.961632399307252)
[37, 55, 88, 91, 109, 127] (0.972808147194221)
[37, 55, 88, 91, 124] (0.962935003034475)
[37, 55, 88, 91, 124, 127] (0.962935003034475)
[37, 55, 88, 91, 127] (0.974110750921444)
[37, 55, 88, 106] (0.964548455378421)
[37, 55, 88, 106, 109] (0.964548455378421)
[37, 55, 88, 106, 109, 124] (0.952010894503900)
[37, 55, 88, 106, 109, 124, 127] (0.952010894503900)
[37, 55, 88, 106, 109, 127] (0.963186642390870)
[37, 55, 88, 106, 124] (0.952010894503900)
[37, 55, 88, 106, 124, 127] (0.952010894503900)
[37, 55, 88, 106, 127] (0.963186642390870)
[37, 55, 88, 109] (0.974169960181772)
[37, 55, 88, 109, 124] (0.961632399307252)
[37, 55, 88, 109, 124, 127] (0.961632399307252)
[37, 55, 88, 109, 127] (0.972808147194221)
[37, 55, 88, 124] (0.962935003034475)
[37, 55, 88, 124, 127] (0.962935003034475)
[37, 55, 88, 127] (0.974110750921444)
[37, 55, 91] (0.983539825628728)
[37, 55, 91, 106] (0.972615717098154)
[37, 55, 91, 106, 109] (0.972615717098154)
[37, 55, 91, 106, 109, 124] (0.960078156223633)
[37, 55, 91, 106, 109, 124, 127] (0.960078156223633)
[37, 55, 91, 106, 109, 127] (0.971253904110603)
[37, 55, 91, 106, 124] (0.960078156223633)
[37, 55, 91, 106, 124, 127] (0.960078156223633)
[37, 55, 91, 106, 127] (0.971253904110603)
[37, 55, 91, 109] (0.982237221901505)
[37, 55, 91, 109, 124] (0.969699661026985)
[37, 55, 91, 109, 124, 127] (0.969699661026985)
[37, 55, 91, 109, 127] (0.980875408913954)
[37, 55, 91, 124] (0.971002264754208)
[37, 55, 91, 124, 127] (0.971002264754208)
[37, 55, 91, 127] (0.982178012641177)
[37, 55, 106] (0.973859111565049)
[37, 55, 106, 109] (0.973859111565049)
[37, 55, 106, 109, 124] (0.961321550690528)
[37, 55, 106, 109, 124, 127] (0.961321550690528)
[37, 55, 106, 109, 127] (0.972497298577498)
[37, 55, 106, 124] (0.961321550690528)
[37, 55, 106, 124, 127] (0.961321550690528)
[37, 55, 106, 127] (0.972497298577498)
[37, 55, 109] (0.983480616368400)
[37, 55, 109, 124] (0.970943055493879)
[37, 55, 109, 124, 127] (0.970943055493879)
[37, 55, 109, 127] (0.982118803380849)
[37, 55, 124] (0.972245659221102)
[37, 55, 124, 127] (0.972245659221102)
[37, 55, 127] (0.983421407108072)
[37, 72] (0.969936498068298)
[37, 72, 75] (0.969936498068298)
[37, 72, 75, 88] (0.960625841881670)
[37, 72, 75, 88, 91] (0.960625841881670)
[37, 72, 75, 88, 91, 109] (0.959323238154447)
[37, 72, 75, 88, 91, 109, 127] (0.957961425166896)
[37, 72, 75, 88, 91, 127] (0.959264028894119)
[37, 72, 75, 88, 109] (0.959323238154447)
[37, 72, 75, 88, 109, 127] (0.957961425166896)
[37, 72, 75, 88, 127] (0.959264028894119)
[37, 72, 75, 91] (0.968693103601403)
[37, 72, 75, 91, 106] (0.957768995070829)
[37, 72, 75, 91, 106, 109] (0.957768995070829)
[37, 72, 75, 91, 106, 109, 127] (0.956407182083278)
[37, 72, 75, 91, 106, 127] (0.956407182083278)
[37, 72, 75, 91, 109] (0.967390499874180)
[37, 72, 75, 91, 109, 124] (0.954852938999660)
[37, 72, 75, 91, 109, 124, 127] (0.954852938999660)
[37, 72, 75, 91, 109, 127] (0.966028686886629)
[37, 72, 75, 91, 124] (0.956155542726883)
[37, 72, 75, 91, 124, 127] (0.956155542726883)
[37, 72, 75, 91, 127] (0.967331290613852)
[37, 72, 75, 106] (0.959012389537724)
[37, 72, 75, 106, 109] (0.959012389537724)
[37, 72, 75, 106, 109, 127] (0.957650576550172)
[37, 72, 75, 106, 127] (0.957650576550172)
[37, 72, 75, 109] (0.968633894341075)
[37, 72, 75, 109, 124] (0.956096333466554)
[37, 72, 75, 109, 124, 127] (0.956096333466554)
[37, 72, 75, 109, 127] (0.967272081353524)
[37, 72, 75, 124] (0.957398937193777)
[37, 72, 75, 124, 127] (0.957398937193777)
[37, 72, 75, 127] (0.968574685080747)
[37, 72, 88] (0.960625841881670)
[37, 72, 88, 91] (0.960625841881670)
[37, 72, 88, 91, 109] (0.959323238154447)
[37, 72, 88, 91, 109, 127] (0.957961425166896)
[37, 72, 88, 91, 127] (0.959264028894119)
[37, 72, 88, 109] (0.959323238154447)
[37, 72, 88, 109, 127] (0.957961425166896)
[37, 72, 88, 127] (0.959264028894119)
[37, 72, 91] (0.968693103601403)
[37, 72, 91, 106] (0.957768995070829)
[37, 72, 91, 106, 109] (0.957768995070829)
[37, 72, 91, 106, 109, 127] (0.956407182083278)
[37, 72, 91, 106, 127] (0.956407182083278)
[37, 72, 91, 109] (0.967390499874180)
[37, 72, 91, 109, 124] (0.954852938999660)
[37, 72, 91, 109, 124, 127] (0.954852938999660)
[37, 72, 91, 109, 127] (0.966028686886629)
[37, 72, 91, 124] (0.956155542726883)
[37, 72, 91, 124, 127] (0.956155542726883)
[37, 72, 91, 127] (0.967331290613852)
[37, 72, 106] (0.959012389537724)
[37, 72, 106, 109] (0.959012389537724)
[37, 72, 106, 109, 127] (0.957650576550172)
[37, 72, 106, 127] (0.957650576550172)
[37, 72, 109] (0.968633894341075)
[37, 72, 109, 124] (0.956096333466554)
[37, 72, 109, 124, 127] (0.956096333466554)
[37, 72, 109, 127] (0.967272081353524)
[37, 72, 124] (0.957398937193777)
[37, 72, 124, 127] (0.957398937193777)
[37, 72, 127] (0.968574685080747)
[37, 75] (0.987758485427121)
[37, 75, 85] (0.956570007549181)
[37, 75, 85, 88] (0.956570007549181)
[37, 75, 85, 88, 91] (0.956570007549181)
[37, 75, 85, 88, 91, 109] (0.955267403821958)
[37, 75, 85, 88, 91, 109, 127] (0.953905590834407)
[37, 75, 85, 88, 91, 127] (0.955208194561629)
[37, 75, 85, 88, 109] (0.955267403821958)
[37, 75, 85, 88, 109, 127] (0.953905590834407)
[37, 75, 85, 88, 127] (0.955208194561629)
[37, 75, 85, 91] (0.956570007549181)
[37, 75, 85, 91, 109] (0.955267403821958)
[37, 75, 85, 91, 109, 127] (0.953905590834407)
[37, 75, 85, 91, 127] (0.955208194561629)
[37, 75, 85, 109] (0.955267403821958)
[37, 75, 85, 109, 127] (0.953905590834407)
[37, 75, 85, 127] (0.955208194561629)
[37, 75, 88] (0.978447829240493)
[37, 75, 88, 91] (0.978447829240493)
[37, 75, 88, 91, 106] (0.967523720709919)
[37, 75, 88, 91, 106, 109] (0.967523720709919)
[37, 75, 88, 91, 106, 109, 124] (0.954986159835398)
[37, 75, 88, 91, 106, 109, 124, 127] (0.954986159835398)
[37, 75, 88, 91, 106, 109, 127] (0.966161907722368)
[37, 75, 88, 91, 106, 124] (0.954986159835398)
[37, 75, 88, 91, 106, 124, 127] (0.954986159835398)
[37, 75, 88, 91, 106, 127] (0.966161907722368)
[37, 75, 88, 91, 109] (0.977145225513270)
[37, 75, 88, 91, 109, 124] (0.964607664638749)
[37, 75, 88, 91, 109, 124, 127] (0.964607664638749)
[37, 75, 88, 91, 109, 127] (0.975783412525719)
[37, 75, 88, 91, 124] (0.965910268365972)
[37, 75, 88, 91, 124, 127] (0.965910268365972)
[37, 75, 88, 91, 127] (0.977086016252942)
[37, 75, 88, 106] (0.967523720709919)
[37, 75, 88, 106, 109] (0.967523720709919)
[37, 75, 88, 106, 109, 124] (0.954986159835398)
[37, 75, 88, 106, 109, 124, 127] (0.954986159835398)
[37, 75, 88, 106, 109, 127] (0.966161907722368)
[37, 75, 88, 106, 124] (0.954986159835398)
[37, 75, 88, 106, 124, 127] (0.954986159835398)
[37, 75, 88, 106, 127] (0.966161907722368)
[37, 75, 88, 109] (0.977145225513270)
[37, 75, 88, 109, 124] (0.964607664638749)
[37, 75, 88, 109, 124, 127] (0.964607664638749)
[37, 75, 88, 109, 127] (0.975783412525719)
[37, 75, 88, 124] (0.965910268365972)
[37, 75, 88, 124, 127] (0.965910268365972)
[37, 75, 88, 127] (0.977086016252942)
[37, 75, 91] (0.986515090960226)
[37, 75, 91, 106] (0.975590982429652)
[37, 75, 91, 106, 109] (0.975590982429652)
[37, 75, 91, 106, 109, 124] (0.963053421555131)
[37, 75, 91, 106, 109, 124, 127] (0.963053421555131)
[37, 75, 91, 106, 109, 127] (0.974229169442101)
[37, 75, 91, 106, 124] (0.963053421555131)
[37, 75, 91, 106, 124, 127] (0.963053421555131)
[37, 75, 91, 106, 127] (0.974229169442101)
[37, 75, 91, 109] (0.985212487233003)
[37, 75, 91, 109, 124] (0.972674926358483)
[37, 75, 91, 109, 124, 127] (0.972674926358483)
[37, 75, 91, 109, 127] (0.983850674245452)
[37, 75, 91, 124] (0.973977530085705)
[37, 75, 91, 124, 127] (0.973977530085705)
[37, 75, 91, 127] (0.985153277972675)
[37, 75, 106] (0.976834376896547)
[37, 75, 106, 109] (0.976834376896547)
[37, 75, 106, 109, 124] (0.964296816022026)
[37, 75, 106, 109, 124, 127] (0.964296816022026)
[37, 75, 106, 109, 127] (0.975472563908995)
[37, 75, 106, 124] (0.964296816022026)
[37, 75, 106, 124, 127] (0.964296816022026)
[37, 75, 106, 127] (0.975472563908995)
[37, 75, 109] (0.986455881699898)
[37, 75, 109, 124] (0.973918320825377)
[37, 75, 109, 124, 127] (0.973918320825377)
[37, 75, 109, 127] (0.985094068712347)
[37, 75, 124] (0.975220924552600)
[37, 75, 124, 127] (0.975220924552600)
[37, 75, 127] (0.986396672439570)
[37, 85] (0.961188329854789)
[37, 85, 88] (0.961188329854789)
[37, 85, 88, 91] (0.961188329854789)
[37, 85, 88, 91, 106] (0.950264221324215)
[37, 85, 88, 91, 106, 109] (0.950264221324215)
[37, 85, 88, 91, 109] (0.959885726127566)
[37, 85, 88, 91, 109, 127] (0.958523913140015)
[37, 85, 88, 91, 127] (0.959826516867238)
[37, 85, 88, 106] (0.950264221324215)
[37, 85, 88, 106, 109] (0.950264221324215)
[37, 85, 88, 109] (0.959885726127566)
[37, 85, 88, 109, 127] (0.958523913140015)
[37, 85, 88, 127] (0.959826516867238)
[37, 85, 91] (0.961188329854789)
[37, 85, 91, 106] (0.950264221324215)
[37, 85, 91, 106, 109] (0.950264221324215)
[37, 85, 91, 109] (0.959885726127566)
[37, 85, 91, 109, 127] (0.958523913140015)
[37, 85, 91, 127] (0.959826516867238)
[37, 85, 106] (0.950264221324215)
[37, 85, 106, 109] (0.950264221324215)
[37, 85, 109] (0.959885726127566)
[37, 85, 109, 127] (0.958523913140015)
[37, 85, 127] (0.959826516867238)
[37, 88] (0.983066151546102)
[37, 88, 91] (0.983066151546102)
[37, 88, 91, 106] (0.972142043015528)
[37, 88, 91, 106, 109] (0.972142043015528)
[37, 88, 91, 106, 109, 124] (0.959604482141007)
[37, 88, 91, 106, 109, 124, 127] (0.959604482141007)
[37, 88, 91, 106, 109, 127] (0.970780230027976)
[37, 88, 91, 106, 124] (0.959604482141007)
[37, 88, 91, 106, 124, 127] (0.959604482141007)
[37, 88, 91, 106, 127] (0.970780230027976)
[37, 88, 91, 109] (0.981763547818879)
[37, 88, 91, 109, 124] (0.969225986944358)
[37, 88, 91, 109, 124, 127] (0.969225986944358)
[37, 88, 91, 109, 127] (0.980401734831328)
[37, 88, 91, 124] (0.970528590671581)
[37, 88, 91, 124, 127] (0.970528590671581)
[37, 88, 91, 127] (0.981704338558551)
[37, 88, 106] (0.972142043015528)
[37, 88, 106, 109] (0.972142043015528)
[37, 88, 106, 109, 124] (0.959604482141007)
[37, 88, 106, 109, 124, 127] (0.959604482141007)
[37, 88, 106, 109, 127] (0.970780230027976)
[37, 88, 106, 124] (0.959604482141007)
[37, 88, 106, 124, 127] (0.959604482141007)
[37, 88, 106, 127] (0.970780230027976)
[37, 88, 109] (0.981763547818879)
[37, 88, 109, 124] (0.969225986944358)
[37, 88, 109, 124, 127] (0.969225986944358)
[37, 88, 109, 127] (0.980401734831328)
[37, 88, 124] (0.970528590671581)
[37, 88, 124, 127] (0.970528590671581)
[37, 88, 127] (0.981704338558551)
[37, 91] (0.991133413265835)
[37, 91, 103] (0.950900720872744)
[37, 91, 103, 106] (0.950900720872744)
[37, 91, 103, 106, 109] (0.950900720872744)
[37, 91, 103, 109] (0.950900720872744)
[37, 91, 106] (0.980209304735261)
[37, 91, 106, 109] (0.980209304735261)
[37, 91, 106, 109, 124] (0.967671743860740)
[37, 91, 106, 109, 124, 127] (0.967671743860740)
[37, 91, 106, 109, 127] (0.978847491747709)
[37, 91, 106, 124] (0.967671743860740)
[37, 91, 106, 124, 127] (0.967671743860740)
[37, 91, 106, 127] (0.978847491747709)
[37, 91, 109] (0.989830809538612)
[37, 91, 109, 124] (0.977293248664091)
[37, 91, 109, 124, 127] (0.977293248664091)
[37, 91, 109, 127] (0.988468996551061)
[37, 91, 124] (0.978595852391314)
[37, 91, 124, 127] (0.978595852391314)
[37, 91, 127] (0.989771600278283)
[37, 103] (0.952144115339639)
[37, 103, 106] (0.952144115339639)
[37, 103, 106, 109] (0.952144115339639)
[37, 103, 106, 109, 127] (0.950782302352088)
[37, 103, 106, 127] (0.950782302352088)
[37, 103, 109] (0.952144115339639)
[37, 103, 109, 127] (0.950782302352088)
[37, 103, 127] (0.950782302352088)
[37, 106] (0.981452699202155)
[37, 106, 109] (0.981452699202155)
[37, 106, 109, 124] (0.968915138327634)
[37, 106, 109, 124, 127] (0.968915138327634)
[37, 106, 109, 127] (0.980090886214604)
[37, 106, 124] (0.968915138327634)
[37, 106, 124, 127] (0.968915138327634)
[37, 106, 127] (0.980090886214604)
[37, 109] (0.991074204005506)
[37, 109, 124] (0.978536643130986)
[37, 109, 124, 127] (0.978536643130986)
[37, 109, 127] (0.989712391017955)
[37, 124] (0.979839246858209)
[37, 124, 127] (0.979839246858209)
[37, 127] (0.991014994745178)
[52] (0.964267211391862)
[52, 55] (0.964267211391862)
[52, 55, 75] (0.959648889086253)
[52, 55, 75, 88] (0.950338232899625)
[52, 55, 75, 88, 91] (0.950338232899625)
[52, 55, 75, 91] (0.958405494619358)
[52, 55, 75, 91, 109] (0.957102890892136)
[52, 55, 75, 91, 109, 127] (0.955741077904584)
[52, 55, 75, 91, 127] (0.957043681631807)
[52, 55, 75, 109] (0.958346285359030)
[52, 55, 75, 109, 127] (0.956984472371479)
[52, 55, 75, 127] (0.958287076098702)
[52, 55, 88] (0.954956555205234)
[52, 55, 88, 91] (0.954956555205234)
[52, 55, 88, 91, 109] (0.953653951478011)
[52, 55, 88, 91, 109, 127] (0.952292138490460)
[52, 55, 88, 91, 127] (0.953594742217683)
[52, 55, 88, 109] (0.953653951478011)
[52, 55, 88, 109, 127] (0.952292138490460)
[52, 55, 88, 127] (0.953594742217683)
[52, 55, 91] (0.963023816924967)
[52, 55, 91, 106] (0.952099708394393)
[52, 55, 91, 106, 109] (0.952099708394393)
[52, 55, 91, 106, 109, 127] (0.950737895406842)
[52, 55, 91, 106, 127] (0.950737895406842)
[52, 55, 91, 109] (0.961721213197744)
[52, 55, 91, 109, 127] (0.960359400210193)
[52, 55, 91, 124] (0.950486256050446)
[52, 55, 91, 124, 127] (0.950486256050446)
[52, 55, 91, 127] (0.961662003937416)
[52, 55, 106] (0.953343102861288)
[52, 55, 106, 109] (0.953343102861288)
[52, 55, 106, 109, 127] (0.951981289873736)
[52, 55, 106, 127] (0.951981289873736)
[52, 55, 109] (0.962964607664639)
[52, 55, 109, 124] (0.950427046790118)
[52, 55, 109, 124, 127] (0.950427046790118)
[52, 55, 109, 127] (0.961602794677088)
[52, 55, 124] (0.951729650517341)
[52, 55, 124, 127] (0.951729650517341)
[52, 55, 127] (0.962905398404310)
[52, 75] (0.959648889086253)
[52, 75, 88] (0.950338232899625)
[52, 75, 88, 91] (0.950338232899625)
[52, 75, 91] (0.958405494619358)
[52, 75, 91, 109] (0.957102890892136)
[52, 75, 91, 109, 127] (0.955741077904584)
[52, 75, 91, 127] (0.957043681631807)
[52, 75, 109] (0.958346285359030)
[52, 75, 109, 127] (0.956984472371479)
[52, 75, 127] (0.958287076098702)
[52, 88] (0.954956555205234)
[52, 88, 91] (0.954956555205234)
[52, 88, 91, 109] (0.953653951478011)
[52, 88, 91, 109, 127] (0.952292138490460)
[52, 88, 91, 127] (0.953594742217683)
[52, 88, 109] (0.953653951478011)
[52, 88, 109, 127] (0.952292138490460)
[52, 88, 127] (0.953594742217683)
[52, 91] (0.963023816924967)
[52, 91, 106] (0.952099708394393)
[52, 91, 106, 109] (0.952099708394393)
[52, 91, 106, 109, 127] (0.950737895406842)
[52, 91, 106, 127] (0.950737895406842)
[52, 91, 109] (0.961721213197744)
[52, 91, 109, 127] (0.960359400210193)
[52, 91, 124] (0.950486256050446)
[52, 91, 124, 127] (0.950486256050446)
[52, 91, 127] (0.961662003937416)
[52, 106] (0.953343102861288)
[52, 106, 109] (0.953343102861288)
[52, 106, 109, 127] (0.951981289873736)
[52, 106, 127] (0.951981289873736)
[52, 109] (0.962964607664639)
[52, 109, 124] (0.950427046790118)
[52, 109, 124, 127] (0.950427046790118)
[52, 109, 127] (0.961602794677088)
[52, 124] (0.951729650517341)
[52, 124, 127] (0.951729650517341)
[52, 127] (0.962905398404310)
[55] (0.992406412362894)
[55, 72] (0.969966102698462)
[55, 72, 75] (0.969966102698462)
[55, 72, 75, 88] (0.960655446511834)
[55, 72, 75, 88, 91] (0.960655446511834)
[55, 72, 75, 88, 91, 109] (0.959352842784612)
[55, 72, 75, 88, 91, 109, 127] (0.957991029797060)
[55, 72, 75, 88, 91, 127] (0.959293633524283)
[55, 72, 75, 88, 109] (0.959352842784612)
[55, 72, 75, 88, 109, 127] (0.957991029797060)
[55, 72, 75, 88, 127] (0.959293633524283)
[55, 72, 75, 91] (0.968722708231567)
[55, 72, 75, 91, 106] (0.957798599700993)
[55, 72, 75, 91, 106, 109] (0.957798599700993)
[55, 72, 75, 91, 106, 109, 127] (0.956436786713442)
[55, 72, 75, 91, 106, 127] (0.956436786713442)
[55, 72, 75, 91, 109] (0.967420104504344)
[55, 72, 75, 91, 109, 124] (0.954882543629824)
[55, 72, 75, 91, 109, 124, 127] (0.954882543629824)
[55, 72, 75, 91, 109, 127] (0.966058291516793)
[55, 72, 75, 91, 124] (0.956185147357047)
[55, 72, 75, 91, 124, 127] (0.956185147357047)
[55, 72, 75, 91, 127] (0.967360895244016)
[55, 72, 75, 106] (0.959041994167888)
[55, 72, 75, 106, 109] (0.959041994167888)
[55, 72, 75, 106, 109, 127] (0.957680181180337)
[55, 72, 75, 106, 127] (0.957680181180337)
[55, 72, 75, 109] (0.968663498971239)
[55, 72, 75, 109, 124] (0.956125938096718)
[55, 72, 75, 109, 124, 127] (0.956125938096718)
[55, 72, 75, 109, 127] (0.967301685983688)
[55, 72, 75, 124] (0.957428541823941)
[55, 72, 75, 124, 127] (0.957428541823941)
[55, 72, 75, 127] (0.968604289710911)
[55, 72, 88] (0.960655446511834)
[55, 72, 88, 91] (0.960655446511834)
[55, 72, 88, 91, 109] (0.959352842784612)
[55, 72, 88, 91, 109, 127] (0.957991029797060)
[55, 72, 88, 91, 127] (0.959293633524283)
[55, 72, 88, 109] (0.959352842784612)
[55, 72, 88, 109, 127] (0.957991029797060)
[55, 72, 88, 127] (0.959293633524283)
[55, 72, 91] (0.968722708231567)
[55, 72, 91, 106] (0.957798599700993)
[55, 72, 91, 106, 109] (0.957798599700993)
[55, 72, 91, 106, 109, 127] (0.956436786713442)
[55, 72, 91, 106, 127] (0.956436786713442)
[55, 72, 91, 109] (0.967420104504344)
[55, 72, 91, 109, 124] (0.954882543629824)
[55, 72, 91, 109, 124, 127] (0.954882543629824)
[55, 72, 91, 109, 127] (0.966058291516793)
[55, 72, 91, 124] (0.956185147357047)
[55, 72, 91, 124, 127] (0.956185147357047)
[55, 72, 91, 127] (0.967360895244016)
[55, 72, 106] (0.959041994167888)
[55, 72, 106, 109] (0.959041994167888)
[55, 72, 106, 109, 127] (0.957680181180337)
[55, 72, 106, 127] (0.957680181180337)
[55, 72, 109] (0.968663498971239)
[55, 72, 109, 124] (0.956125938096718)
[55, 72, 109, 124, 127] (0.956125938096718)
[55, 72, 109, 127] (0.967301685983688)
[55, 72, 124] (0.957428541823941)
[55, 72, 124, 127] (0.957428541823941)
[55, 72, 127] (0.968604289710911)
[55, 75] (0.987788090057285)
[55, 75, 85] (0.956599612179345)
[55, 75, 85, 88] (0.956599612179345)
[55, 75, 85, 88, 91] (0.956599612179345)
[55, 75, 85, 88, 91, 109] (0.955297008452122)
[55, 75, 85, 88, 91, 109, 127] (0.953935195464571)
[55, 75, 85, 88, 91, 127] (0.955237799191794)
[55, 75, 85, 88, 109] (0.955297008452122)
[55, 75, 85, 88, 109, 127] (0.953935195464571)
[55, 75, 85, 88, 127] (0.955237799191794)
[55, 75, 85, 91] (0.956599612179345)
[55, 75, 85, 91, 109] (0.955297008452122)
[55, 75, 85, 91, 109, 127] (0.953935195464571)
[55, 75, 85, 91, 127] (0.955237799191794)
[55, 75, 85, 109] (0.955297008452122)
[55, 75, 85, 109, 127] (0.953935195464571)
[55, 75, 85, 127] (0.955237799191794)
[55, 75, 88] (0.978477433870657)
[55, 75, 88, 91] (0.978477433870657)
[55, 75, 88, 91, 106] (0.967553325340083)
[55, 75, 88, 91, 106, 109] (0.967553325340083)
[55, 75, 88, 91, 106, 109, 124] (0.955015764465562)
[55, 75, 88, 91, 106, 109, 124, 127] (0.955015764465562)
[55, 75, 88, 91, 106, 109, 127] (0.966191512352532)
[55, 75, 88, 91, 106, 124] (0.955015764465562)
[55, 75, 88, 91, 106, 124, 127] (0.955015764465562)
[55, 75, 88, 91, 106, 127] (0.966191512352532)
[55, 75, 88, 91, 109] (0.977174830143434)
[55, 75, 88, 91, 109, 124] (0.964637269268914)
[55, 75, 88, 91, 109, 124, 127] (0.964637269268914)
[55, 75, 88, 91, 109, 127] (0.975813017155883)
[55, 75, 88, 91, 124] (0.965939872996137)
[55, 75, 88, 91, 124, 127] (0.965939872996137)
[55, 75, 88, 91, 127] (0.977115620883106)
[55, 75, 88, 106] (0.967553325340083)
[55, 75, 88, 106, 109] (0.967553325340083)
[55, 75, 88, 106, 109, 124] (0.955015764465562)
[55, 75, 88, 106, 109, 124, 127] (0.955015764465562)
[55, 75, 88, 106, 109, 127] (0.966191512352532)
[55, 75, 88, 106, 124] (0.955015764465562)
[55, 75, 88, 106, 124, 127] (0.955015764465562)
[55, 75, 88, 106, 127] (0.966191512352532)
[55, 75, 88, 109] (0.977174830143434)
[55, 75, 88, 109, 124] (0.964637269268914)
[55, 75, 88, 109, 124, 127] (0.964637269268914)
[55, 75, 88, 109, 127] (0.975813017155883)
[55, 75, 88, 124] (0.965939872996137)
[55, 75, 88, 124, 127] (0.965939872996137)
[55, 75, 88, 127] (0.977115620883106)
[55, 75, 91] (0.986544695590390)
[55, 75, 91, 106] (0.975620587059816)
[55, 75, 91, 106, 109] (0.975620587059816)
[55, 75, 91, 106, 109, 124] (0.963083026185295)
[55, 75, 91, 106, 109, 124, 127] (0.963083026185295)
[55, 75, 91, 106, 109, 127] (0.974258774072265)
[55, 75, 91, 106, 124] (0.963083026185295)
[55, 75, 91, 106, 124, 127] (0.963083026185295)
[55, 75, 91, 106, 127] (0.974258774072265)
[55, 75, 91, 109] (0.985242091863167)
[55, 75, 91, 109, 124] (0.972704530988647)
[55, 75, 91, 109, 124, 127] (0.972704530988647)
[55, 75, 91, 109, 127] (0.983880278875616)
[55, 75, 91, 124] (0.974007134715870)
[55, 75, 91, 124, 127] (0.974007134715870)
[55, 75, 91, 127] (0.985182882602839)
[55, 75, 106] (0.976863981526711)
[55, 75, 106, 109] (0.976863981526711)
[55, 75, 106, 109, 124] (0.964326420652190)
[55, 75, 106, 109, 124, 127] (0.964326420652190)
[55, 75, 106, 109, 127] (0.975502168539159)
[55, 75, 106, 124] (0.964326420652190)
[55, 75, 106, 124, 127] (0.964326420652190)
[55, 75, 106, 127] (0.975502168539159)
[55, 75, 109] (0.986485486330062)
[55, 75, 109, 124] (0.973947925455541)
[55, 75, 109, 124, 127] (0.973947925455541)
[55, 75, 109, 127] (0.985123673342511)
[55, 75, 124] (0.975250529182764)
[55, 75, 124, 127] (0.975250529182764)
[55, 75, 127] (0.986426277069734)
[55, 85] (0.961217934484953)
[55, 85, 88] (0.961217934484953)
[55, 85, 88, 91] (0.961217934484953)
[55, 85, 88, 91, 106] (0.950293825954379)
[55, 85, 88, 91, 106, 109] (0.950293825954379)
[55, 85, 88, 91, 109] (0.959915330757731)
[55, 85, 88, 91, 109, 127] (0.958553517770179)
[55, 85, 88, 91, 127] (0.959856121497402)
[55, 85, 88, 106] (0.950293825954379)
[55, 85, 88, 106, 109] (0.950293825954379)
[55, 85, 88, 109] (0.959915330757731)
[55, 85, 88, 109, 127] (0.958553517770179)
[55, 85, 88, 127] (0.959856121497402)
[55, 85, 91] (0.961217934484953)
[55, 85, 91, 106] (0.950293825954379)
[55, 85, 91, 106, 109] (0.950293825954379)
[55, 85, 91, 109] (0.959915330757731)
[55, 85, 91, 109, 127] (0.958553517770179)
[55, 85, 91, 127] (0.959856121497402)
[55, 85, 106] (0.950293825954379)
[55, 85, 106, 109] (0.950293825954379)
[55, 85, 109] (0.959915330757731)
[55, 85, 109, 127] (0.958553517770179)
[55, 85, 127] (0.959856121497402)
[55, 88] (0.983095756176266)
[55, 88, 91] (0.983095756176266)
[55, 88, 91, 106] (0.972171647645692)
[55, 88, 91, 106, 109] (0.972171647645692)
[55, 88, 91, 106, 109, 124] (0.959634086771171)
[55, 88, 91, 106, 109, 124, 127] (0.959634086771171)
[55, 88, 91, 106, 109, 127] (0.970809834658141)
[55, 88, 91, 106, 124] (0.959634086771171)
[55, 88, 91, 106, 124, 127] (0.959634086771171)
[55, 88, 91, 106, 127] (0.970809834658141)
[55, 88, 91, 109] (0.981793152449043)
[55, 88, 91, 109, 124] (0.969255591574522)
[55, 88, 91, 109, 124, 127] (0.969255591574522)
[55, 88, 91, 109, 127] (0.980431339461492)
[55, 88, 91, 124] (0.970558195301745)
[55, 88, 91, 124, 127] (0.970558195301745)
[55, 88, 91, 127] (0.981733943188715)
[55, 88, 106] (0.972171647645692)
[55, 88, 106, 109] (0.972171647645692)
[55, 88, 106, 109, 124] (0.959634086771171)
[55, 88, 106, 109, 124, 127] (0.959634086771171)
[55, 88, 106, 109, 127] (0.970809834658141)
[55, 88, 106, 124] (0.959634086771171)
[55, 88, 106, 124, 127] (0.959634086771171)
[55, 88, 106, 127] (0.970809834658141)
[55, 88, 109] (0.981793152449043)
[55, 88, 109, 124] (0.969255591574522)
[55, 88, 109, 124, 127] (0.969255591574522)
[55, 88, 109, 127] (0.980431339461492)
[55, 88, 124] (0.970558195301745)
[55, 88, 124, 127] (0.970558195301745)
[55, 88, 127] (0.981733943188715)
[55, 91] (0.991163017895999)
[55, 91, 103] (0.950930325502909)
[55, 91, 103, 106] (0.950930325502909)
[55, 91, 103, 106, 109] (0.950930325502909)
[55, 91, 103, 109] (0.950930325502909)
[55, 91, 106] (0.980238909365425)
[55, 91, 106, 109] (0.980238909365425)
[55, 91, 106, 109, 124] (0.967701348490904)
[55, 91, 106, 109, 124, 127] (0.967701348490904)
[55, 91, 106, 109, 127] (0.978877096377873)
[55, 91, 106, 124] (0.967701348490904)
[55, 91, 106, 124, 127] (0.967701348490904)
[55, 91, 106, 127] (0.978877096377873)
[55, 91, 109] (0.989860414168776)
[55, 91, 109, 124] (0.977322853294255)
[55, 91, 109, 124, 127] (0.977322853294255)
[55, 91, 109, 127] (0.988498601181225)
[55, 91, 124] (0.978625457021478)
[55, 91, 124, 127] (0.978625457021478)
[55, 91, 127] (0.989801204908448)
[55, 103] (0.952173719969803)
[55, 103, 106] (0.952173719969803)
[55, 103, 106, 109] (0.952173719969803)
[55, 103, 106, 109, 127] (0.950811906982252)
[55, 103, 106, 127] (0.950811906982252)
[55, 103, 109] (0.952173719969803)
[55, 103, 109, 127] (0.950811906982252)
[55, 103, 127] (0.950811906982252)
[55, 106] (0.981482303832319)
[55, 106, 109] (0.981482303832319)
[55, 106, 109, 124] (0.968944742957799)
[55, 106, 109, 124, 127] (0.968944742957799)
[55, 106, 109, 127] (0.980120490844768)
[55, 106, 124] (0.968944742957799)
[55, 106, 124, 127] (0.968944742957799)
[55, 106, 127] (0.980120490844768)
[55, 109] (0.991103808635671)
[55, 109, 124] (0.978566247761150)
[55, 109, 124, 127] (0.978566247761150)
[55, 109, 127] (0.989741995648119)
[55, 124] (0.979868851488373)
[55, 124, 127] (0.979868851488373)
[55, 127] (0.991044599375342)
[72] (0.977559690335568)
[72, 75] (0.977559690335568)
[72, 75, 88] (0.968249034148941)
[72, 75, 88, 91] (0.968249034148941)
[72, 75, 88, 91, 106] (0.957324925618367)
[72, 75, 88, 91, 106, 109] (0.957324925618367)
[72, 75, 88, 91, 106, 109, 127] (0.955963112630815)
[72, 75, 88, 91, 106, 127] (0.955963112630815)
[72, 75, 88, 91, 109] (0.966946430421718)
[72, 75, 88, 91, 109, 124] (0.954408869547197)
[72, 75, 88, 91, 109, 124, 127] (0.954408869547197)
[72, 75, 88, 91, 109, 127] (0.965584617434167)
[72, 75, 88, 91, 124] (0.955711473274420)
[72, 75, 88, 91, 124, 127] (0.955711473274420)
[72, 75, 88, 91, 127] (0.966887221161390)
[72, 75, 88, 106] (0.957324925618367)
[72, 75, 88, 106, 109] (0.957324925618367)
[72, 75, 88, 106, 109, 127] (0.955963112630815)
[72, 75, 88, 106, 127] (0.955963112630815)
[72, 75, 88, 109] (0.966946430421718)
[72, 75, 88, 109, 124] (0.954408869547197)
[72, 75, 88, 109, 124, 127] (0.954408869547197)
[72, 75, 88, 109, 127] (0.965584617434167)
[72, 75, 88, 124] (0.955711473274420)
[72, 75, 88, 124, 127] (0.955711473274420)
[72, 75, 88, 127] (0.966887221161390)
[72, 75, 91] (0.976316295868674)
[72, 75, 91, 106] (0.965392187338100)
[72, 75, 91, 106, 109] (0.965392187338100)
[72, 75, 91, 106, 109, 124] (0.952854626463579)
[72, 75, 91, 106, 109, 124, 127] (0.952854626463579)
[72, 75, 91, 106, 109, 127] (0.964030374350548)
[72, 75, 91, 106, 124] (0.952854626463579)
[72, 75, 91, 106, 124, 127] (0.952854626463579)
[72, 75, 91, 106, 127] (0.964030374350548)
[72, 75, 91, 109] (0.975013692141451)
[72, 75, 91, 109, 124] (0.962476131266930)
[72, 75, 91, 109, 124, 127] (0.962476131266930)
[72, 75, 91, 109, 127] (0.973651879153900)
[72, 75, 91, 124] (0.963778734994153)
[72, 75, 91, 124, 127] (0.963778734994153)
[72, 75, 91, 127] (0.974954482881123)
[72, 75, 106] (0.966635581804994)
[72, 75, 106, 109] (0.966635581804994)
[72, 75, 106, 109, 124] (0.954098020930474)
[72, 75, 106, 109, 124, 127] (0.954098020930474)
[72, 75, 106, 109, 127] (0.965273768817443)
[72, 75, 106, 124] (0.954098020930474)
[72, 75, 106, 124, 127] (0.954098020930474)
[72, 75, 106, 127] (0.965273768817443)
[72, 75, 109] (0.976257086608346)
[72, 75, 109, 124] (0.963719525733825)
[72, 75, 109, 124, 127] (0.963719525733825)
[72, 75, 109, 127] (0.974895273620794)
[72, 75, 124] (0.965022129461048)
[72, 75, 124, 127] (0.965022129461048)
[72, 75, 127] (0.976197877348017)
[72, 88] (0.968249034148941)
[72, 88, 91] (0.968249034148941)
[72, 88, 91, 106] (0.957324925618367)
[72, 88, 91, 106, 109] (0.957324925618367)
[72, 88, 91, 106, 109, 127] (0.955963112630815)
[72, 88, 91, 106, 127] (0.955963112630815)
[72, 88, 91, 109] (0.966946430421718)
[72, 88, 91, 109, 124] (0.954408869547197)
[72, 88, 91, 109, 124, 127] (0.954408869547197)
[72, 88, 91, 109, 127] (0.965584617434167)
[72, 88, 91, 124] (0.955711473274420)
[72, 88, 91, 124, 127] (0.955711473274420)
[72, 88, 91, 127] (0.966887221161390)
[72, 88, 106] (0.957324925618367)
[72, 88, 106, 109] (0.957324925618367)
[72, 88, 106, 109, 127] (0.955963112630815)
[72, 88, 106, 127] (0.955963112630815)
[72, 88, 109] (0.966946430421718)
[72, 88, 109, 124] (0.954408869547197)
[72, 88, 109, 124, 127] (0.954408869547197)
[72, 88, 109, 127] (0.965584617434167)
[72, 88, 124] (0.955711473274420)
[72, 88, 124, 127] (0.955711473274420)
[72, 88, 127] (0.966887221161390)
[72, 91] (0.976316295868674)
[72, 91, 106] (0.965392187338100)
[72, 91, 106, 109] (0.965392187338100)
[72, 91, 106, 109, 124] (0.952854626463579)
[72, 91, 106, 109, 124, 127] (0.952854626463579)
[72, 91, 106, 109, 127] (0.964030374350548)
[72, 91, 106, 124] (0.952854626463579)
[72, 91, 106, 124, 127] (0.952854626463579)
[72, 91, 106, 127] (0.964030374350548)
[72, 91, 109] (0.975013692141451)
[72, 91, 109, 124] (0.962476131266930)
[72, 91, 109, 124, 127] (0.962476131266930)
[72, 91, 109, 127] (0.973651879153900)
[72, 91, 124] (0.963778734994153)
[72, 91, 124, 127] (0.963778734994153)
[72, 91, 127] (0.974954482881123)
[72, 106] (0.966635581804994)
[72, 106, 109] (0.966635581804994)
[72, 106, 109, 124] (0.954098020930474)
[72, 106, 109, 124, 127] (0.954098020930474)
[72, 106, 109, 127] (0.965273768817443)
[72, 106, 124] (0.954098020930474)
[72, 106, 124, 127] (0.954098020930474)
[72, 106, 127] (0.965273768817443)
[72, 109] (0.976257086608346)
[72, 109, 124] (0.963719525733825)
[72, 109, 124, 127] (0.963719525733825)
[72, 109, 127] (0.974895273620794)
[72, 124] (0.965022129461048)
[72, 124, 127] (0.965022129461048)
[72, 127] (0.976197877348017)
[75] (0.995381677694391)
[75, 85] (0.964193199816451)
[75, 85, 88] (0.964193199816451)
[75, 85, 88, 91] (0.964193199816451)
[75, 85, 88, 91, 106] (0.953269091285877)
[75, 85, 88, 91, 106, 109] (0.953269091285877)
[75, 85, 88, 91, 106, 109, 127] (0.951907278298326)
[75, 85, 88, 91, 106, 127] (0.951907278298326)
[75, 85, 88, 91, 109] (0.962890596089228)
[75, 85, 88, 91, 109, 124] (0.950353035214708)
[75, 85, 88, 91, 109, 124, 127] (0.950353035214708)
[75, 85, 88, 91, 109, 127] (0.961528783101677)
[75, 85, 88, 91, 124] (0.951655638941931)
[75, 85, 88, 91, 124, 127] (0.951655638941931)
[75, 85, 88, 91, 127] (0.962831386828900)
[75, 85, 88, 106] (0.953269091285877)
[75, 85, 88, 106, 109] (0.953269091285877)
[75, 85, 88, 106, 109, 127] (0.951907278298326)
[75, 85, 88, 106, 127] (0.951907278298326)
[75, 85, 88, 109] (0.962890596089228)
[75, 85, 88, 109, 124] (0.950353035214708)
[75, 85, 88, 109, 124, 127] (0.950353035214708)
[75, 85, 88, 109, 127] (0.961528783101677)
[75, 85, 88, 124] (0.951655638941931)
[75, 85, 88, 124, 127] (0.951655638941931)
[75, 85, 88, 127] (0.962831386828900)
[75, 85, 91] (0.964193199816451)
[75, 85, 91, 106] (0.953269091285877)
[75, 85, 91, 106, 109] (0.953269091285877)
[75, 85, 91, 106, 109, 127] (0.951907278298326)
[75, 85, 91, 106, 127] (0.951907278298326)
[75, 85, 91, 109] (0.962890596089228)
[75, 85, 91, 109, 124] (0.950353035214708)
[75, 85, 91, 109, 124, 127] (0.950353035214708)
[75, 85, 91, 109, 127] (0.961528783101677)
[75, 85, 91, 124] (0.951655638941931)
[75, 85, 91, 124, 127] (0.951655638941931)
[75, 85, 91, 127] (0.962831386828900)
[75, 85, 106] (0.953269091285877)
[75, 85, 106, 109] (0.953269091285877)
[75, 85, 106, 109, 127] (0.951907278298326)
[75, 85, 106, 127] (0.951907278298326)
[75, 85, 109] (0.962890596089228)
[75, 85, 109, 124] (0.950353035214708)
[75, 85, 109, 124, 127] (0.950353035214708)
[75, 85, 109, 127] (0.961528783101677)
[75, 85, 124] (0.951655638941931)
[75, 85, 124, 127] (0.951655638941931)
[75, 85, 127] (0.962831386828900)
[75, 88] (0.986071021507764)
[75, 88, 91] (0.986071021507764)
[75, 88, 91, 106] (0.975146912977190)
[75, 88, 91, 106, 109] (0.975146912977190)
[75, 88, 91, 106, 109, 124] (0.962609352102669)
[75, 88, 91, 106, 109, 124, 127] (0.962609352102669)
[75, 88, 91, 106, 109, 127] (0.973785099989638)
[75, 88, 91, 106, 124] (0.962609352102669)
[75, 88, 91, 106, 124, 127] (0.962609352102669)
[75, 88, 91, 106, 127] (0.973785099989638)
[75, 88, 91, 109] (0.984768417780541)
[75, 88, 91, 109, 124] (0.972230856906020)
[75, 88, 91, 109, 124, 127] (0.972230856906020)
[75, 88, 91, 109, 127] (0.983406604792990)
[75, 88, 91, 124] (0.973533460633243)
[75, 88, 91, 124, 127] (0.973533460633243)
[75, 88, 91, 127] (0.984709208520213)
[75, 88, 106] (0.975146912977190)
[75, 88, 106, 109] (0.975146912977190)
[75, 88, 106, 109, 124] (0.962609352102669)
[75, 88, 106, 109, 124, 127] (0.962609352102669)
[75, 88, 106, 109, 127] (0.973785099989638)
[75, 88, 106, 124] (0.962609352102669)
[75, 88, 106, 124, 127] (0.962609352102669)
[75, 88, 106, 127] (0.973785099989638)
[75, 88, 109] (0.984768417780541)
[75, 88, 109, 124] (0.972230856906020)
[75, 88, 109, 124, 127] (0.972230856906020)
[75, 88, 109, 127] (0.983406604792990)
[75, 88, 124] (0.973533460633243)
[75, 88, 124, 127] (0.973533460633243)
[75, 88, 127] (0.984709208520213)
[75, 91] (0.994138283227497)
[75, 91, 103] (0.953905590834407)
[75, 91, 103, 106] (0.953905590834407)
[75, 91, 103, 106, 109] (0.953905590834407)
[75, 91, 103, 106, 109, 127] (0.952543777846855)
[75, 91, 103, 106, 127] (0.952543777846855)
[75, 91, 103, 109] (0.953905590834407)
[75, 91, 103, 109, 127] (0.952543777846855)
[75, 91, 103, 127] (0.952543777846855)
[75, 91, 106] (0.983214174696923)
[75, 91, 106, 109] (0.983214174696923)
[75, 91, 106, 109, 124] (0.970676613822402)
[75, 91, 106, 109, 124, 127] (0.970676613822402)
[75, 91, 106, 109, 127] (0.981852361709371)
[75, 91, 106, 124] (0.970676613822402)
[75, 91, 106, 124, 127] (0.970676613822402)
[75, 91, 106, 127] (0.981852361709371)
[75, 91, 109] (0.992835679500274)
[75, 91, 109, 124] (0.980298118625753)
[75, 91, 109, 124, 127] (0.980298118625753)
[75, 91, 109, 127] (0.991473866512723)
[75, 91, 124] (0.981600722352976)
[75, 91, 124, 127] (0.981600722352976)
[75, 91, 127] (0.992776470239946)
[75, 103] (0.955148985301301)
[75, 103, 106] (0.955148985301301)
[75, 103, 106, 109] (0.955148985301301)
[75, 103, 106, 109, 127] (0.953787172313750)
[75, 103, 106, 127] (0.953787172313750)
[75, 103, 109] (0.955148985301301)
[75, 103, 109, 127] (0.953787172313750)
[75, 103, 127] (0.953787172313750)
[75, 106] (0.984457569163817)
[75, 106, 109] (0.984457569163817)
[75, 106, 109, 124] (0.971920008289296)
[75, 106, 109, 124, 127] (0.971920008289296)
[75, 106, 109, 127] (0.983095756176266)
[75, 106, 124] (0.971920008289296)
[75, 106, 124, 127] (0.971920008289296)
[75, 106, 127] (0.983095756176266)
[75, 109] (0.994079073967168)
[75, 109, 124] (0.981541513092648)
[75, 109, 124, 127] (0.981541513092648)
[75, 109, 127] (0.992717260979617)
[75, 124] (0.982844116819871)
[75, 124, 127] (0.982844116819871)
[75, 127] (0.994019864706840)
[85] (0.968811522122060)
[85, 88] (0.968811522122060)
[85, 88, 91] (0.968811522122060)
[85, 88, 91, 106] (0.957887413591486)
[85, 88, 91, 106, 109] (0.957887413591486)
[85, 88, 91, 106, 109, 127] (0.956525600603934)
[85, 88, 91, 106, 127] (0.956525600603934)
[85, 88, 91, 109] (0.967508918394837)
[85, 88, 91, 109, 124] (0.954971357520316)
[85, 88, 91, 109, 124, 127] (0.954971357520316)
[85, 88, 91, 109, 127] (0.966147105407286)
[85, 88, 91, 124] (0.956273961247539)
[85, 88, 91, 124, 127] (0.956273961247539)
[85, 88, 91, 127] (0.967449709134509)
[85, 88, 106] (0.957887413591486)
[85, 88, 106, 109] (0.957887413591486)
[85, 88, 106, 109, 127] (0.956525600603934)
[85, 88, 106, 127] (0.956525600603934)
[85, 88, 109] (0.967508918394837)
[85, 88, 109, 124] (0.954971357520316)
[85, 88, 109, 124, 127] (0.954971357520316)
[85, 88, 109, 127] (0.966147105407286)
[85, 88, 124] (0.956273961247539)
[85, 88, 124, 127] (0.956273961247539)
[85, 88, 127] (0.967449709134509)
[85, 91] (0.968811522122060)
[85, 91, 106] (0.957887413591486)
[85, 91, 106, 109] (0.957887413591486)
[85, 91, 106, 109, 127] (0.956525600603934)
[85, 91, 106, 127] (0.956525600603934)
[85, 91, 109] (0.967508918394837)
[85, 91, 109, 124] (0.954971357520316)
[85, 91, 109, 124, 127] (0.954971357520316)
[85, 91, 109, 127] (0.966147105407286)
[85, 91, 124] (0.956273961247539)
[85, 91, 124, 127] (0.956273961247539)
[85, 91, 127] (0.967449709134509)
[85, 106] (0.957887413591486)
[85, 106, 109] (0.957887413591486)
[85, 106, 109, 127] (0.956525600603934)
[85, 106, 127] (0.956525600603934)
[85, 109] (0.967508918394837)
[85, 109, 124] (0.954971357520316)
[85, 109, 124, 127] (0.954971357520316)
[85, 109, 127] (0.966147105407286)
[85, 124] (0.956273961247539)
[85, 124, 127] (0.956273961247539)
[85, 127] (0.967449709134509)
[88] (0.990689343813372)
[88, 91] (0.990689343813372)
[88, 91, 103] (0.950456651420282)
[88, 91, 103, 106] (0.950456651420282)
[88, 91, 103, 106, 109] (0.950456651420282)
[88, 91, 103, 109] (0.950456651420282)
[88, 91, 106] (0.979765235282798)
[88, 91, 106, 109] (0.979765235282798)
[88, 91, 106, 109, 124] (0.967227674408278)
[88, 91, 106, 109, 124, 127] (0.967227674408278)
[88, 91, 106, 109, 127] (0.978403422295247)
[88, 91, 106, 124] (0.967227674408278)
[88, 91, 106, 124, 127] (0.967227674408278)
[88, 91, 106, 127] (0.978403422295247)
[88, 91, 109] (0.989386740086149)
[88, 91, 109, 124] (0.976849179211629)
[88, 91, 109, 124, 127] (0.976849179211629)
[88, 91, 109, 127] (0.988024927098598)
[88, 91, 124] (0.978151782938852)
[88, 91, 124, 127] (0.978151782938852)
[88, 91, 127] (0.989327530825821)
[88, 103] (0.950456651420282)
[88, 103, 106] (0.950456651420282)
[88, 103, 106, 109] (0.950456651420282)
[88, 103, 109] (0.950456651420282)
[88, 106] (0.979765235282798)
[88, 106, 109] (0.979765235282798)
[88, 106, 109, 124] (0.967227674408278)
[88, 106, 109, 124, 127] (0.967227674408278)
[88, 106, 109, 127] (0.978403422295247)
[88, 106, 124] (0.967227674408278)
[88, 106, 124, 127] (0.967227674408278)
[88, 106, 127] (0.978403422295247)
[88, 109] (0.989386740086149)
[88, 109, 124] (0.976849179211629)
[88, 109, 124, 127] (0.976849179211629)
[88, 109, 127] (0.988024927098598)
[88, 124] (0.978151782938852)
[88, 124, 127] (0.978151782938852)
[88, 127] (0.989327530825821)
[91] (0.998756605533105)
[91, 103] (0.958523913140015)
[91, 103, 106] (0.958523913140015)
[91, 103, 106, 109] (0.958523913140015)
[91, 103, 106, 109, 127] (0.957162100152464)
[91, 103, 106, 127] (0.957162100152464)
[91, 103, 109] (0.958523913140015)
[91, 103, 109, 127] (0.957162100152464)
[91, 103, 127] (0.957162100152464)
[91, 106] (0.987832497002531)
[91, 106, 109] (0.987832497002531)
[91, 106, 109, 124] (0.975294936128010)
[91, 106, 109, 124, 127] (0.975294936128010)
[91, 106, 109, 127] (0.986470684014980)
[91, 106, 124] (0.975294936128010)
[91, 106, 124, 127] (0.975294936128010)
[91, 106, 127] (0.986470684014980)
[91, 109] (0.997454001805882)
[91, 109, 124] (0.984916440931362)
[91, 109, 124, 127] (0.984916440931362)
[91, 109, 127] (0.996092188818331)
[91, 121] (0.950560267625857)
[91, 121, 124] (0.950560267625857)
[91, 121, 124, 127] (0.950560267625857)
[91, 121, 127] (0.950560267625857)
[91, 124] (0.986219044658585)
[91, 124, 127] (0.986219044658585)
[91, 127] (0.997394792545554)
[103] (0.959767307606910)
[103, 106] (0.959767307606910)
[103, 106, 109] (0.959767307606910)
[103, 106, 109, 127] (0.958405494619358)
[103, 106, 127] (0.958405494619358)
[103, 109] (0.959767307606910)
[103, 109, 127] (0.958405494619358)
[103, 127] (0.958405494619358)
[106] (0.989075891469426)
[106, 109] (0.989075891469426)
[106, 109, 124] (0.976538330594905)
[106, 109, 124, 127] (0.976538330594905)
[106, 109, 127] (0.987714078481875)
[106, 124] (0.976538330594905)
[106, 124, 127] (0.976538330594905)
[106, 127] (0.987714078481875)
[109] (0.998697396272777)
[109, 121] (0.950501058365528)
[109, 121, 124] (0.950501058365528)
[109, 121, 124, 127] (0.950501058365528)
[109, 121, 127] (0.950501058365528)
[109, 124] (0.986159835398256)
[109, 124, 127] (0.986159835398256)
[109, 127] (0.997335583285226)
[121] (0.951803662092751)
[121, 124] (0.951803662092751)
[121, 124, 127] (0.951803662092751)
[121, 127] (0.951803662092751)
[124] (0.987462439125479)
[124, 127] (0.987462439125479)
[127] (0.998638187012449)
