[19] (0.992347203102565)
[19, 37] (0.984724010835295)
[19, 37, 55] (0.977130423198188)
[19, 37, 55, 75] (0.972512100892580)
[19, 37, 55, 75, 91] (0.971268706425685)
[19, 37, 55, 75, 109] (0.971209497165357)
[19, 37, 55, 75, 127] (0.971150287905028)
[19, 37, 55, 91] (0.975887028731294)
[19, 37, 55, 91, 109] (0.974584425004071)
[19, 37, 55, 91, 109, 127] (0.973222612016519)
[19, 37, 55, 91, 127] (0.974525215743742)
[19, 37, 55, 109] (0.975827819470965)
[19, 37, 55, 109, 127] (0.974466006483414)
[19, 37, 55, 127] (0.975768610210637)
[19, 37, 75] (0.980105688529686)
[19, 37, 75, 88] (0.970795032343058)
[19, 37, 75, 88, 91] (0.970795032343058)
[19, 37, 75, 91] (0.978862294062791)
[19, 37, 75, 91, 109] (0.977559690335568)
[19, 37, 75, 91, 109, 127] (0.976197877348017)
[19, 37, 75, 91, 127] (0.977500481075240)
[19, 37, 75, 109] (0.978803084802463)
[19, 37, 75, 109, 127] (0.977441271814912)
[19, 37, 75, 127] (0.978743875542135)
[19, 37, 88] (0.975413354648667)
[19, 37, 88, 91] (0.975413354648667)
[19, 37, 88, 91, 109] (0.974110750921444)
[19, 37, 88, 91, 109, 127] (0.972748937933893)
[19, 37, 88, 91, 127] (0.974051541661116)
[19, 37, 88, 109] (0.974110750921444)
[19, 37, 88, 109, 127] (0.972748937933893)
[19, 37, 88, 127] (0.974051541661116)
[19, 37, 91] (0.983480616368400)
[19, 37, 91, 106] (0.972556507837826)
[19, 37, 91, 106, 109] (0.972556507837826)
[19, 37, 91, 106, 109, 127] (0.971194694850275)
[19, 37, 91, 106, 127] (0.971194694850275)
[19, 37, 91, 109] (0.982178012641177)
[19, 37, 91, 109, 127] (0.980816199653626)
[19, 37, 91, 124] (0.970943055493879)
[19, 37, 91, 124, 127] (0.970943055493879)
[19, 37, 91, 127] (0.982118803380849)
[19, 37, 106] (0.973799902304720)
[19, 37, 106, 109] (0.973799902304720)
[19, 37, 106, 109, 127] (0.972438089317169)
[19, 37, 106, 127] (0.972438089317169)
[19, 37, 109] (0.983421407108072)
[19, 37, 109, 124] (0.970883846233551)
[19, 37, 109, 124, 127] (0.970883846233551)
[19, 37, 109, 127] (0.982059594120520)
[19, 37, 124] (0.972186449960774)
[19, 37, 124, 127] (0.972186449960774)
[19, 37, 127] (0.983362197847743)
[19, 55] (0.984753615465459)
[19, 55, 75] (0.980135293159850)
[19, 55, 75, 88] (0.970824636973223)
[19, 55, 75, 88, 91] (0.970824636973223)
[19, 55, 75, 91] (0.978891898692956)
[19, 55, 75, 91, 109] (0.977589294965733)
[19, 55, 75, 91, 109, 127] (0.976227481978181)
[19, 55, 75, 91, 127] (0.977530085705404)
[19, 55, 75, 109] (0.978832689432627)
[19, 55, 75, 109, 127] (0.977470876445076)
[19, 55, 75, 127] (0.978773480172299)
[19, 55, 88] (0.975442959278831)
[19, 55, 88, 91] (0.975442959278831)
[19, 55, 88, 91, 109] (0.974140355551608)
[19, 55, 88, 91, 109, 127] (0.972778542564057)
[19, 55, 88, 91, 127] (0.974081146291280)
[19, 55, 88, 109] (0.974140355551608)
[19, 55, 88, 109, 127] (0.972778542564057)
[19, 55, 88, 127] (0.974081146291280)
[19, 55, 91] (0.983510220998564)
[19, 55, 91, 106] (0.972586112467990)
[19, 55, 91, 106, 109] (0.972586112467990)
[19, 55, 91, 106, 109, 127] (0.971224299480439)
[19, 55, 91, 106, 127] (0.971224299480439)
[19, 55, 91, 109] (0.982207617271341)
[19, 55, 91, 109, 127] (0.980845804283790)
[19, 55, 91, 124] (0.970972660124043)
[19, 55, 91, 124, 127] (0.970972660124043)
[19, 55, 91, 127] (0.982148408011013)
[19, 55, 106] (0.973829506934885)
[19, 55, 106, 109] (0.973829506934885)
[19, 55, 106, 109, 127] (0.972467693947333)
[19, 55, 106, 127] (0.972467693947333)
[19, 55, 109] (0.983451011738236)
[19, 55, 109, 124] (0.970913450863715)
[19, 55, 109, 124, 127] (0.970913450863715)
[19, 55, 109, 127] (0.982089198750685)
[19, 55, 124] (0.972216054590938)
[19, 55, 124, 127] (0.972216054590938)
[19, 55, 127] (0.983391802477908)
[19, 75] (0.987728880796957)
[19, 75, 88] (0.978418224610329)
[19, 75, 88, 91] (0.978418224610329)
[19, 75, 88, 91, 109] (0.977115620883106)
[19, 75, 88, 91, 109, 127] (0.975753807895555)
[19, 75, 88, 91, 127] (0.977056411622778)
[19, 75, 88, 109] (0.977115620883106)
[19, 75, 88, 109, 127] (0.975753807895555)
[19, 75, 88, 127] (0.977056411622778)
[19, 75, 91] (0.986485486330062)
[19, 75, 91, 106] (0.975561377799488)
[19, 75, 91, 106, 109] (0.975561377799488)
[19, 75, 91, 106, 109, 127] (0.974199564811937)
[19, 75, 91, 106, 127] (0.974199564811937)
[19, 75, 91, 109] (0.985182882602839)
[19, 75, 91, 109, 124] (0.972645321728318)
[19, 75, 91, 109, 124, 127] (0.972645321728318)
[19, 75, 91, 109, 127] (0.983821069615288)
[19, 75, 91, 124] (0.973947925455541)
[19, 75, 91, 124, 127] (0.973947925455541)
[19, 75, 91, 127] (0.985123673342511)
[19, 75, 106] (0.976804772266383)
[19, 75, 106, 109] (0.976804772266383)
[19, 75, 106, 109, 127] (0.975442959278831)
[19, 75, 106, 127] (0.975442959278831)
[19, 75, 109] (0.986426277069734)
[19, 75, 109, 124] (0.973888716195213)
[19, 75, 109, 124, 127] (0.973888716195213)
[19, 75, 109, 127] (0.985064464082182)
[19, 75, 124] (0.975191319922436)
[19, 75, 124, 127] (0.975191319922436)
[19, 75, 127] (0.986367067809405)
[19, 88] (0.983036546915938)
[19, 88, 91] (0.983036546915938)
[19, 88, 91, 106] (0.972112438385363)
[19, 88, 91, 106, 109] (0.972112438385363)
[19, 88, 91, 106, 109, 127] (0.970750625397812)
[19, 88, 91, 106, 127] (0.970750625397812)
[19, 88, 91, 109] (0.981733943188715)
[19, 88, 91, 109, 127] (0.980372130201163)
[19, 88, 91, 124] (0.970498986041417)
[19, 88, 91, 124, 127] (0.970498986041417)
[19, 88, 91, 127] (0.981674733928386)
[19, 88, 106] (0.972112438385363)
[19, 88, 106, 109] (0.972112438385363)
[19, 88, 106, 109, 127] (0.970750625397812)
[19, 88, 106, 127] (0.970750625397812)
[19, 88, 109] (0.981733943188715)
[19, 88, 109, 127] (0.980372130201163)
[19, 88, 124] (0.970498986041417)
[19, 88, 124, 127] (0.970498986041417)
[19, 88, 127] (0.981674733928386)
[19, 91] (0.991103808635671)
[19, 91, 106] (0.980179700105096)
[19, 91, 106, 109] (0.980179700105096)
[19, 91, 106, 109, 127] (0.978817887117545)
[19, 91, 106, 127] (0.978817887117545)
[19, 91, 109] (0.989801204908448)
[19, 91, 109, 124] (0.977263644033927)
[19, 91, 109, 124, 127] (0.977263644033927)
[19, 91, 109, 127] (0.988439391920896)
[19, 91, 124] (0.978566247761150)
[19, 91, 124, 127] (0.978566247761150)
[19, 91, 127] (0.989741995648119)
[19, 106] (0.981423094571991)
[19, 106, 109] (0.981423094571991)
[19, 106, 109, 127] (0.980061281584440)
[19, 106, 127] (0.980061281584440)
[19, 109] (0.991044599375342)
[19, 109, 124] (0.978507038500822)
[19, 109, 124, 127] (0.978507038500822)
[19, 109, 127] (0.989682786387791)
[19, 124] (0.979809642228044)
[19, 124, 127] (0.979809642228044)
[19, 127] (0.990985390115014)
[37] (0.992376807732729)
[37, 55] (0.984783220095623)
[37, 55, 75] (0.980164897790014)
[37, 55, 75, 88] (0.970854241603387)
[37, 55, 75, 88, 91] (0.970854241603387)
[37, 55, 75, 91] (0.978921503323120)
[37, 55, 75, 91, 109] (0.977618899595897)
[37, 55, 75, 91, 109, 127] (0.976257086608346)
[37, 55, 75, 91, 127] (0.977559690335568)
[37, 55, 75, 109] (0.978862294062791)
[37, 55, 75, 109, 127] (0.977500481075240)
[37, 55, 75, 127] (0.978803084802463)
[37, 55, 88] (0.975472563908995)
[37, 55, 88, 91] (0.975472563908995)
[37, 55, 88, 91, 109] (0.974169960181772)
[37, 55, 88, 91, 109, 127] (0.972808147194221)
[37, 55, 88, 91, 127] (0.974110750921444)
[37, 55, 88, 109] (0.974169960181772)
[37, 55, 88, 109, 127] (0.972808147194221)
[37, 55, 88, 127] (0.974110750921444)
[37, 55, 91] (0.983539825628728)
[37, 55, 91, 106] (0.972615717098154)
[37, 55, 91, 106, 109] (0.972615717098154)
[37, 55, 91, 106, 109, 127] (0.971253904110603)
[37, 55, 91, 106, 127] (0.971253904110603)
[37, 55, 91, 109] (0.982237221901505)
[37, 55, 91, 109, 127] (0.980875408913954)
[37, 55, 91, 124] (0.971002264754208)
[37, 55, 91, 124, 127] (0.971002264754208)
[37, 55, 91, 127] (0.982178012641177)
[37, 55, 106] (0.973859111565049)
[37, 55, 106, 109] (0.973859111565049)
[37, 55, 106, 109, 127] (0.972497298577498)
[37, 55, 106, 127] (0.972497298577498)
[37, 55, 109] (0.983480616368400)
[37, 55, 109, 124] (0.970943055493879)
[37, 55, 109, 124, 127] (0.970943055493879)
[37, 55, 109, 127] (0.982118803380849)
[37, 55, 124] (0.972245659221102)
[37, 55, 124, 127] (0.972245659221102)
[37, 55, 127] (0.983421407108072)
[37, 75] (0.987758485427121)
[37, 75, 88] (0.978447829240493)
[37, 75, 88, 91] (0.978447829240493)
[37, 75, 88, 91, 109] (0.977145225513270)
[37, 75, 88, 91, 109, 127] (0.975783412525719)
[37, 75, 88, 91, 127] (0.977086016252942)
[37, 75, 88, 109] (0.977145225513270)
[37, 75, 88, 109, 127] (0.975783412525719)
[37, 75, 88, 127] (0.977086016252942)
[37, 75, 91] (0.986515090960226)
[37, 75, 91, 106] (0.975590982429652)
[37, 75, 91, 106, 109] (0.975590982429652)
[37, 75, 91, 106, 109, 127] (0.974229169442101)
[37, 75, 91, 106, 127] (0.974229169442101)
[37, 75, 91, 109] (0.985212487233003)
[37, 75, 91, 109, 124] (0.972674926358483)
[37, 75, 91, 109, 124, 127] (0.972674926358483)
[37, 75, 91, 109, 127] (0.983850674245452)
[37, 75, 91, 124] (0.973977530085705)
[37, 75, 91, 124, 127] (0.973977530085705)
[37, 75, 91, 127] (0.985153277972675)
[37, 75, 106] (0.976834376896547)
[37, 75, 106, 109] (0.976834376896547)
[37, 75, 106, 109, 127] (0.975472563908995)
[37, 75, 106, 127] (0.975472563908995)
[37, 75, 109] (0.986455881699898)
[37, 75, 109, 124] (0.973918320825377)
[37, 75, 109, 124, 127] (0.973918320825377)
[37, 75, 109, 127] (0.985094068712347)
[37, 75, 124] (0.975220924552600)
[37, 75, 124, 127] (0.975220924552600)
[37, 75, 127] (0.986396672439570)
[37, 88] (0.983066151546102)
[37, 88, 91] (0.983066151546102)
[37, 88, 91, 106] (0.972142043015528)
[37, 88, 91, 106, 109] (0.972142043015528)
[37, 88, 91, 106, 109, 127] (0.970780230027976)
[37, 88, 91, 106, 127] (0.970780230027976)
[37, 88, 91, 109] (0.981763547818879)
[37, 88, 91, 109, 127] (0.980401734831328)
[37, 88, 91, 124] (0.970528590671581)
[37, 88, 91, 124, 127] (0.970528590671581)
[37, 88, 91, 127] (0.981704338558551)
[37, 88, 106] (0.972142043015528)
[37, 88, 106, 109] (0.972142043015528)
[37, 88, 106, 109, 127] (0.970780230027976)
[37, 88, 106, 127] (0.970780230027976)
[37, 88, 109] (0.981763547818879)
[37, 88, 109, 127] (0.980401734831328)
[37, 88, 124] (0.970528590671581)
[37, 88, 124, 127] (0.970528590671581)
[37, 88, 127] (0.981704338558551)
[37, 91] (0.991133413265835)
[37, 91, 106] (0.980209304735261)
[37, 91, 106, 109] (0.980209304735261)
[37, 91, 106, 109, 127] (0.978847491747709)
[37, 91, 106, 127] (0.978847491747709)
[37, 91, 109] (0.989830809538612)
[37, 91, 109, 124] (0.977293248664091)
[37, 91, 109, 124, 127] (0.977293248664091)
[37, 91, 109, 127] (0.988468996551061)
[37, 91, 124] (0.978595852391314)
[37, 91, 124, 127] (0.978595852391314)
[37, 91, 127] (0.989771600278283)
[37, 106] (0.981452699202155)
[37, 106, 109] (0.981452699202155)
[37, 106, 109, 127] (0.980090886214604)
[37, 106, 127] (0.980090886214604)
[37, 109] (0.991074204005506)
[37, 109, 124] (0.978536643130986)
[37, 109, 124, 127] (0.978536643130986)
[37, 109, 127] (0.989712391017955)
[37, 124] (0.979839246858209)
[37, 124, 127] (0.979839246858209)
[37, 127] (0.991014994745178)
[55] (0.992406412362894)
[55, 75] (0.987788090057285)
[55, 75, 88] (0.978477433870657)
[55, 75, 88, 91] (0.978477433870657)
[55, 75, 88, 91, 109] (0.977174830143434)
[55, 75, 88, 91, 109, 127] (0.975813017155883)
[55, 75, 88, 91, 127] (0.977115620883106)
[55, 75, 88, 109] (0.977174830143434)
[55, 75, 88, 109, 127] (0.975813017155883)
[55, 75, 88, 127] (0.977115620883106)
[55, 75, 91] (0.986544695590390)
[55, 75, 91, 106] (0.975620587059816)
[55, 75, 91, 106, 109] (0.975620587059816)
[55, 75, 91, 106, 109, 127] (0.974258774072265)
[55, 75, 91, 106, 127] (0.974258774072265)
[55, 75, 91, 109] (0.985242091863167)
[55, 75, 91, 109, 124] (0.972704530988647)
[55, 75, 91, 109, 124, 127] (0.972704530988647)
[55, 75, 91, 109, 127] (0.983880278875616)
[55, 75, 91, 124] (0.974007134715870)
[55, 75, 91, 124, 127] (0.974007134715870)
[55, 75, 91, 127] (0.985182882602839)
[55, 75, 106] (0.976863981526711)
[55, 75, 106, 109] (0.976863981526711)
[55, 75, 106, 109, 127] (0.975502168539159)
[55, 75, 106, 127] (0.975502168539159)
[55, 75, 109] (0.986485486330062)
[55, 75, 109, 124] (0.973947925455541)
[55, 75, 109, 124, 127] (0.973947925455541)
[55, 75, 109, 127] (0.985123673342511)
[55, 75, 124] (0.975250529182764)
[55, 75, 124, 127] (0.975250529182764)
[55, 75, 127] (0.986426277069734)
[55, 88] (0.983095756176266)
[55, 88, 91] (0.983095756176266)
[55, 88, 91, 106] (0.972171647645692)
[55, 88, 91, 106, 109] (0.972171647645692)
[55, 88, 91, 106, 109, 127] (0.970809834658141)
[55, 88, 91, 106, 127] (0.970809834658141)
[55, 88, 91, 109] (0.981793152449043)
[55, 88, 91, 109, 127] (0.980431339461492)
[55, 88, 91, 124] (0.970558195301745)
[55, 88, 91, 124, 127] (0.970558195301745)
[55, 88, 91, 127] (0.981733943188715)
[55, 88, 106] (0.972171647645692)
[55, 88, 106, 109] (0.972171647645692)
[55, 88, 106, 109, 127] (0.970809834658141)
[55, 88, 106, 127] (0.970809834658141)
[55, 88, 109] (0.981793152449043)
[55, 88, 109, 127] (0.980431339461492)
[55, 88, 124] (0.970558195301745)
[55, 88, 124, 127] (0.970558195301745)
[55, 88, 127] (0.981733943188715)
[55, 91] (0.991163017895999)
[55, 91, 106] (0.980238909365425)
[55, 91, 106, 109] (0.980238909365425)
[55, 91, 106, 109, 127] (0.978877096377873)
[55, 91, 106, 127] (0.978877096377873)
[55, 91, 109] (0.989860414168776)
[55, 91, 109, 124] (0.977322853294255)
[55, 91, 109, 124, 127] (0.977322853294255)
[55, 91, 109, 127] (0.988498601181225)
[55, 91, 124] (0.978625457021478)
[55, 91, 124, 127] (0.978625457021478)
[55, 91, 127] (0.989801204908448)
[55, 106] (0.981482303832319)
[55, 106, 109] (0.981482303832319)
[55, 106, 109, 127] (0.980120490844768)
[55, 106, 127] (0.980120490844768)
[55, 109] (0.991103808635671)
[55, 109, 124] (0.978566247761150)
[55, 109, 124, 127] (0.978566247761150)
[55, 109, 127] (0.989741995648119)
[55, 124] (0.979868851488373)
[55, 124, 127] (0.979868851488373)
[55, 127] (0.991044599375342)
[72] (0.977559690335568)
[72, 75] (0.977559690335568)
[72, 75, 91] (0.976316295868674)
[72, 75, 91, 109] (0.975013692141451)
[72, 75, 91, 109, 127] (0.973651879153900)
[72, 75, 91, 127] (0.974954482881123)
[72, 75, 109] (0.976257086608346)
[72, 75, 109, 127] (0.974895273620794)
[72, 75, 127] (0.976197877348017)
[72, 91] (0.976316295868674)
[72, 91, 109] (0.975013692141451)
[72, 91, 109, 127] (0.973651879153900)
[72, 91, 127] (0.974954482881123)
[72, 109] (0.976257086608346)
[72, 109, 127] (0.974895273620794)
[72, 127] (0.976197877348017)
[75] (0.995381677694391)
[75, 88] (0.986071021507764)
[75, 88, 91] (0.986071021507764)
[75, 88, 91, 106] (0.975146912977190)
[75, 88, 91, 106, 109] (0.975146912977190)
[75, 88, 91, 106, 109, 127] (0.973785099989638)
[75, 88, 91, 106, 127] (0.973785099989638)
[75, 88, 91, 109] (0.984768417780541)
[75, 88, 91, 109, 124] (0.972230856906020)
[75, 88, 91, 109, 124, 127] (0.972230856906020)
[75, 88, 91, 109, 127] (0.983406604792990)
[75, 88, 91, 124] (0.973533460633243)
[75, 88, 91, 124, 127] (0.973533460633243)
[75, 88, 91, 127] (0.984709208520213)
[75, 88, 106] (0.975146912977190)
[75, 88, 106, 109] (0.975146912977190)
[75, 88, 106, 109, 127] (0.973785099989638)
[75, 88, 106, 127] (0.973785099989638)
[75, 88, 109] (0.984768417780541)
[75, 88, 109, 124] (0.972230856906020)
[75, 88, 109, 124, 127] (0.972230856906020)
[75, 88, 109, 127] (0.983406604792990)
[75, 88, 124] (0.973533460633243)
[75, 88, 124, 127] (0.973533460633243)
[75, 88, 127] (0.984709208520213)
[75, 91] (0.994138283227497)
[75, 91, 106] (0.983214174696923)
[75, 91, 106, 109] (0.983214174696923)
[75, 91, 106, 109, 124] (0.970676613822402)
[75, 91, 106, 109, 124, 127] (0.970676613822402)
[75, 91, 106, 109, 127] (0.981852361709371)
[75, 91, 106, 124] (0.970676613822402)
[75, 91, 106, 124, 127] (0.970676613822402)
[75, 91, 106, 127] (0.981852361709371)
[75, 91, 109] (0.992835679500274)
[75, 91, 109, 124] (0.980298118625753)
[75, 91, 109, 124, 127] (0.980298118625753)
[75, 91, 109, 127] (0.991473866512723)
[75, 91, 124] (0.981600722352976)
[75, 91, 124, 127] (0.981600722352976)
[75, 91, 127] (0.992776470239946)
[75, 106] (0.984457569163817)
[75, 106, 109] (0.984457569163817)
[75, 106, 109, 124] (0.971920008289296)
[75, 106, 109, 124, 127] (0.971920008289296)
[75, 106, 109, 127] (0.983095756176266)
[75, 106, 124] (0.971920008289296)
[75, 106, 124, 127] (0.971920008289296)
[75, 106, 127] (0.983095756176266)
[75, 109] (0.994079073967168)
[75, 109, 124] (0.981541513092648)
[75, 109, 124, 127] (0.981541513092648)
[75, 109, 127] (0.992717260979617)
[75, 124] (0.982844116819871)
[75, 124, 127] (0.982844116819871)
[75, 127] (0.994019864706840)
[88] (0.990689343813372)
[88, 91] (0.990689343813372)
[88, 91, 106] (0.979765235282798)
[88, 91, 106, 109] (0.979765235282798)
[88, 91, 106, 109, 127] (0.978403422295247)
[88, 91, 106, 127] (0.978403422295247)
[88, 91, 109] (0.989386740086149)
[88, 91, 109, 124] (0.976849179211629)
[88, 91, 109, 124, 127] (0.976849179211629)
[88, 91, 109, 127] (0.988024927098598)
[88, 91, 124] (0.978151782938852)
[88, 91, 124, 127] (0.978151782938852)
[88, 91, 127] (0.989327530825821)
[88, 106] (0.979765235282798)
[88, 106, 109] (0.979765235282798)
[88, 106, 109, 127] (0.978403422295247)
[88, 106, 127] (0.978403422295247)
[88, 109] (0.989386740086149)
[88, 109, 124] (0.976849179211629)
[88, 109, 124, 127] (0.976849179211629)
[88, 109, 127] (0.988024927098598)
[88, 124] (0.978151782938852)
[88, 124, 127] (0.978151782938852)
[88, 127] (0.989327530825821)
[91] (0.998756605533105)
[91, 106] (0.987832497002531)
[91, 106, 109] (0.987832497002531)
[91, 106, 109, 124] (0.975294936128010)
[91, 106, 109, 124, 127] (0.975294936128010)
[91, 106, 109, 127] (0.986470684014980)
[91, 106, 124] (0.975294936128010)
[91, 106, 124, 127] (0.975294936128010)
[91, 106, 127] (0.986470684014980)
[91, 109] (0.997454001805882)
[91, 109, 124] (0.984916440931362)
[91, 109, 124, 127] (0.984916440931362)
[91, 109, 127] (0.996092188818331)
[91, 124] (0.986219044658585)
[91, 124, 127] (0.986219044658585)
[91, 127] (0.997394792545554)
[106] (0.989075891469426)
[106, 109] (0.989075891469426)
[106, 109, 124] (0.976538330594905)
[106, 109, 124, 127] (0.976538330594905)
[106, 109, 127] (0.987714078481875)
[106, 124] (0.976538330594905)
[106, 124, 127] (0.976538330594905)
[106, 127] (0.987714078481875)
[109] (0.998697396272777)
[109, 124] (0.986159835398256)
[109, 124, 127] (0.986159835398256)
[109, 127] (0.997335583285226)
[124] (0.987462439125479)
[124, 127] (0.987462439125479)
[127] (0.998638187012449)
