[170] (0.990335603311177)
[170, 180] (0.976980793540758)
[170, 180, 184] (0.976980793540758)
[170, 180, 184, 4438] (0.974901113240631)
[170, 180, 4438] (0.974901113240631)
[170, 184] (0.976980793540758)
[170, 184, 4438] (0.974901113240631)
[170, 4428] (0.973004934143457)
[170, 4428, 4438] (0.970925253843331)
[170, 4438] (0.988255923011051)
[170, 4438, 7062] (0.979835256697794)
[170, 7062] (0.981853769930270)
[180] (0.983933450230396)
[180, 184] (0.983933450230396)
[180, 184, 4438] (0.981853769930270)
[180, 184, 4438, 7062] (0.973453492639563)
[180, 184, 7062] (0.975472005872039)
[180, 4438] (0.981853769930270)
[180, 4438, 7062] (0.973453492639563)
[180, 7062] (0.975472005872039)
[184] (0.983933450230396)
[184, 4438] (0.981853769930270)
[184, 4438, 7062] (0.973453492639563)
[184, 7062] (0.975472005872039)
[4426] (0.974024385270970)
[4426, 4438] (0.971944704970844)
[4428] (0.982608163764629)
[4428, 4438] (0.980528483464503)
[4428, 4438, 7062] (0.972230151286547)
[4428, 7062] (0.974248664519023)
[4432] (0.973759327977817)
[4432, 4438] (0.971863148880643)
[4434] (0.975940953390694)
[4434, 4438] (0.974207886473922)
[4438] (0.997920319699874)
[4438, 7062] (0.989458875341516)
[4940] (0.971333034294336)
[7062] (0.991477388573992)
