[170] (0.990335603311177)
[170, 180] (0.976980793540758)
[170, 180, 184] (0.976980793540758)
[170, 180, 184, 4426] (0.951412959262733)
[170, 180, 184, 4428] (0.959772458508339)
[170, 180, 184, 4428, 4438] (0.957692778208213)
[170, 180, 184, 4428, 7062] (0.951474126330384)
[170, 180, 184, 4432] (0.950862455653876)
[170, 180, 184, 4434] (0.953084859111854)
[170, 180, 184, 4434, 4438] (0.951351792195082)
[170, 180, 184, 4438] (0.974901113240631)
[170, 180, 184, 4438, 7062] (0.966500835949925)
[170, 180, 184, 7062] (0.968519349182400)
[170, 180, 4426] (0.951412959262733)
[170, 180, 4428] (0.959772458508339)
[170, 180, 4428, 4438] (0.957692778208213)
[170, 180, 4428, 7062] (0.951474126330384)
[170, 180, 4432] (0.950862455653876)
[170, 180, 4434] (0.953084859111854)
[170, 180, 4434, 4438] (0.951351792195082)
[170, 180, 4438] (0.974901113240631)
[170, 180, 4438, 7062] (0.966500835949925)
[170, 180, 7062] (0.968519349182400)
[170, 184] (0.976980793540758)
[170, 184, 4426] (0.951412959262733)
[170, 184, 4428] (0.959772458508339)
[170, 184, 4428, 4438] (0.957692778208213)
[170, 184, 4428, 7062] (0.951474126330384)
[170, 184, 4432] (0.950862455653876)
[170, 184, 4434] (0.953084859111854)
[170, 184, 4434, 4438] (0.951351792195082)
[170, 184, 4438] (0.974901113240631)
[170, 184, 4438, 7062] (0.966500835949925)
[170, 184, 7062] (0.968519349182400)
[170, 4426] (0.964604656852750)
[170, 4426, 4428] (0.955531541817885)
[170, 4426, 4428, 4438] (0.953451861517759)
[170, 4426, 4438] (0.962524976552624)
[170, 4426, 4438, 7062] (0.954206255352118)
[170, 4426, 7062] (0.956224768584594)
[170, 4428] (0.973004934143457)
[170, 4428, 4438] (0.970925253843331)
[170, 4428, 4438, 7062] (0.962667699710476)
[170, 4428, 7062] (0.964686212942952)
[170, 4432] (0.964176487379195)
[170, 4432, 4438] (0.962280308282021)
[170, 4432, 4438, 7062] (0.954450923622722)
[170, 4432, 7062] (0.956306324674795)
[170, 4434] (0.966398890837173)
[170, 4434, 4438] (0.964665823920401)
[170, 4434, 4438, 7062] (0.956693716103250)
[170, 4434, 7062] (0.958386004974922)
[170, 4438] (0.988255923011051)
[170, 4438, 4940] (0.960159849936794)
[170, 4438, 4940, 7062] (0.951841128736288)
[170, 4438, 7062] (0.979835256697794)
[170, 4438, 7092] (0.957713167230763)
[170, 4940] (0.962219141214370)
[170, 4940, 7062] (0.953859641968764)
[170, 7062] (0.981853769930270)
[170, 7062, 7092] (0.951494515352934)
[170, 7092] (0.959752069485789)
[180] (0.983933450230396)
[180, 184] (0.983933450230396)
[180, 184, 4426] (0.958243281817070)
[180, 184, 4426, 4438] (0.956163601516943)
[180, 184, 4428] (0.966684337152877)
[180, 184, 4428, 4438] (0.964604656852750)
[180, 184, 4428, 4438, 7062] (0.956367491742446)
[180, 184, 4428, 7062] (0.958386004974922)
[180, 184, 4432] (0.957774334298414)
[180, 184, 4432, 4438] (0.955878155201240)
[180, 184, 4434] (0.959955959711291)
[180, 184, 4434, 4438] (0.958222892794519)
[180, 184, 4434, 4438, 7062] (0.950271173999918)
[180, 184, 4434, 7062] (0.951963462871590)
[180, 184, 4438] (0.981853769930270)
[180, 184, 4438, 4940] (0.954043143171716)
[180, 184, 4438, 7062] (0.973453492639563)
[180, 184, 4438, 7092] (0.952126575051992)
[180, 184, 4940] (0.956102434449293)
[180, 184, 7062] (0.975472005872039)
[180, 184, 7092] (0.954165477307018)
[180, 4426] (0.958243281817070)
[180, 4426, 4438] (0.956163601516943)
[180, 4428] (0.966684337152877)
[180, 4428, 4438] (0.964604656852750)
[180, 4428, 4438, 7062] (0.956367491742446)
[180, 4428, 7062] (0.958386004974922)
[180, 4432] (0.957774334298414)
[180, 4432, 4438] (0.955878155201240)
[180, 4434] (0.959955959711291)
[180, 4434, 4438] (0.958222892794519)
[180, 4434, 4438, 7062] (0.950271173999918)
[180, 4434, 7062] (0.951963462871590)
[180, 4438] (0.981853769930270)
[180, 4438, 4940] (0.954043143171716)
[180, 4438, 7062] (0.973453492639563)
[180, 4438, 7092] (0.952126575051992)
[180, 4940] (0.956102434449293)
[180, 7062] (0.975472005872039)
[180, 7092] (0.954165477307018)
[184] (0.983933450230396)
[184, 4426] (0.958243281817070)
[184, 4426, 4438] (0.956163601516943)
[184, 4428] (0.966684337152877)
[184, 4428, 4438] (0.964604656852750)
[184, 4428, 4438, 7062] (0.956367491742446)
[184, 4428, 7062] (0.958386004974922)
[184, 4432] (0.957774334298414)
[184, 4432, 4438] (0.955878155201240)
[184, 4434] (0.959955959711291)
[184, 4434, 4438] (0.958222892794519)
[184, 4434, 4438, 7062] (0.950271173999918)
[184, 4434, 7062] (0.951963462871590)
[184, 4438] (0.981853769930270)
[184, 4438, 4940] (0.954043143171716)
[184, 4438, 7062] (0.973453492639563)
[184, 4438, 7092] (0.952126575051992)
[184, 4940] (0.956102434449293)
[184, 7062] (0.975472005872039)
[184, 7092] (0.954165477307018)
[188] (0.957346164824858)
[188, 4438] (0.955286873547282)
[4426] (0.974024385270970)
[4426, 4428] (0.964910492191004)
[4426, 4428, 4438] (0.962830811890878)
[4426, 4428, 4438, 7062] (0.954573257758023)
[4426, 4428, 7062] (0.956591770990499)
[4426, 4434] (0.950169228887167)
[4426, 4438] (0.971944704970844)
[4426, 4438, 7062] (0.963585205725238)
[4426, 7062] (0.965603718957713)
[4428] (0.982608163764629)
[4428, 4432] (0.958691840313175)
[4428, 4432, 4438] (0.956795661216001)
[4428, 4432, 7062] (0.950862455653876)
[4428, 4434] (0.959201565876932)
[4428, 4434, 4438] (0.957468498960160)
[4428, 4434, 7062] (0.951290625127431)
[4428, 4438] (0.980528483464503)
[4428, 4438, 4940] (0.952513966480447)
[4428, 4438, 7062] (0.972230151286547)
[4428, 4438, 7092] (0.950087672796966)
[4428, 4940] (0.954573257758023)
[4428, 7062] (0.974248664519023)
[4428, 7092] (0.952126575051992)
[4432] (0.973759327977817)
[4432, 4434] (0.956000489336541)
[4432, 4434, 4438] (0.954287811442319)
[4432, 4438] (0.971863148880643)
[4432, 4438, 7062] (0.963992986176243)
[4432, 7062] (0.965848387228316)
[4434] (0.975940953390694)
[4434, 4438] (0.974207886473922)
[4434, 4438, 7062] (0.966195000611671)
[4434, 7062] (0.967887289483342)
[4436] (0.959303510989683)
[4436, 4438] (0.957774334298414)
[4436, 4438, 7062] (0.950046894751866)
[4436, 7062] (0.951555682420585)
[4438] (0.997920319699874)
[4438, 4940] (0.969273743016760)
[4438, 4940, 7062] (0.960914243771154)
[4438, 7062] (0.989458875341516)
[4438, 7062, 7092] (0.958732618358276)
[4438, 7092] (0.966969783468581)
[4940] (0.971333034294336)
[4940, 7062] (0.962932757003629)
[7062] (0.991477388573992)
[7062, 7092] (0.960710353545651)
[7092] (0.969008685723606)
