[32] (0.172035570880878)
[32, 38] (0.032134025997595)
[32, 38, 39] (0.020870669903133)
[32, 39] (0.095902996755972)
[32, 39, 41] (0.026757559946462)
[32, 39, 48] (0.061273564574306)
[32, 41] (0.036251446201311)
[32, 41, 48] (0.023400104353350)
[32, 48] (0.091127696740092)
[36] (0.033302329801955)
[36, 38] (0.031646287516163)
[36, 38, 39] (0.022061659218257)
[36, 39] (0.023105192713414)
[38] (0.176901612939815)
[38, 39] (0.117340804428212)
[38, 39, 41] (0.034606746670901)
[38, 39, 41, 48] (0.022583425965836)
[38, 39, 48] (0.069213493341803)
[38, 39, 170] (0.022901023116535)
[38, 41] (0.044202717724190)
[38, 41, 48] (0.026927701277194)
[38, 48] (0.090106848755700)
[38, 110] (0.030909008416324)
[38, 170] (0.034379891563259)
[39] (0.574794128989814)
[39, 41] (0.129466209931717)
[39, 41, 48] (0.083550736144824)
[39, 48] (0.330550577346249)
[39, 48, 65] (0.020382931421701)
[39, 48, 89] (0.024103355187042)
[39, 65] (0.031612259250017)
[39, 89] (0.031181234545496)
[39, 170] (0.023354733331821)
[39, 225] (0.026666817903405)
[39, 237] (0.021880175132143)
[39, 310] (0.021006782967719)
[41] (0.169517479186044)
[41, 48] (0.102288968036115)
[48] (0.477926998026361)
[48, 65] (0.028685828361426)
[48, 89] (0.031737029559221)
[65] (0.050724802068919)
[89] (0.043522152401261)
[101] (0.025373743789841)
[110] (0.031691658537692)
[147] (0.020178761824822)
[170] (0.035151198929244)
[225] (0.036943354279622)
[237] (0.034391234318641)
[271] (0.023751729770196)
[310] (0.029423107461264)
[413] (0.021324380118418)
[438] (0.021131553276922)
[475] (0.024579750913092)
[1327] (0.020258161112497)
