[32] (0.1720355708808784)
[32, 38] (0.032134025997595336)
[32, 38, 39] (0.02087066990313287)
[32, 39] (0.09590299675597196)
[32, 39, 41] (0.026757559946462194)
[32, 39, 48] (0.06127356457430639)
[32, 41] (0.036251446201311224)
[32, 41, 48] (0.023400104353349514)
[32, 48] (0.0911276967400921)
[36] (0.033302329801955494)
[36, 38] (0.03164628751616343)
[36, 38, 39] (0.0220616592182573)
[36, 39] (0.023105192713413943)
[38] (0.17690161293981535)
[38, 39] (0.1173408044282117)
[38, 39, 41] (0.034606746670901294)
[38, 39, 41, 48] (0.02258342596583562)
[38, 39, 48] (0.06921349334180259)
[38, 39, 170] (0.02290102311653547)
[38, 41] (0.04420271772418956)
[38, 41, 48] (0.026927701277194255)
[38, 48] (0.09010684875569973)
[38, 110] (0.030909008416324494)
[38, 170] (0.03437989156325855)
[39] (0.5747941289898142)
[39, 41] (0.12946620993171662)
[39, 41, 48] (0.0835507361448243)
[39, 48] (0.33055057734624893)
[39, 48, 65] (0.02038293142170096)
[39, 48, 89] (0.024103355187042035)
[39, 65] (0.03161225925001701)
[39, 89] (0.031181234545495793)
[39, 170] (0.023354733331820966)
[39, 225] (0.026666817903405096)
[39, 237] (0.0218801751321431)
[39, 310] (0.021006782967718518)
[41] (0.16951747918604387)
[41, 48] (0.10228896803611533)
[48] (0.47792699802636057)
[48, 65] (0.028685828361425556)
[48, 89] (0.031737029559220524)
[65] (0.05072480206891858)
[89] (0.04352215240126132)
[101] (0.02537374378984143)
[110] (0.03169165853769198)
[147] (0.020178761824822485)
[170] (0.03515119892924389)
[225] (0.03694335427962161)
[237] (0.03439123431864068)
[271] (0.023751729770195774)
[310] (0.02942310746126449)
[413] (0.021324380118418366)
[438] (0.02113155327692203)
[475] (0.024579750913091808)
[1327] (0.02025816111249745)
