[12] (0.998289)
[12, 16] (0.976430)
[12, 16, 17] (0.976336)
[12, 16, 17, 18] (0.974352)
[12, 16, 17, 18, 21] (0.865669)
[12, 16, 17, 18, 29] (0.855634)
[12, 16, 17, 18, 31] (0.915422)
[12, 16, 17, 21] (0.867483)
[12, 16, 17, 29] (0.857497)
[12, 16, 17, 31] (0.917103)
[12, 16, 18] (0.974446)
[12, 16, 18, 21] (0.865760)
[12, 16, 18, 29] (0.855728)
[12, 16, 18, 31] (0.915498)
[12, 16, 21] (0.867574)
[12, 16, 29] (0.857591)
[12, 16, 31] (0.917180)
[12, 17] (0.998195)
[12, 17, 18] (0.996196)
[12, 17, 18, 21] (0.885659)
[12, 17, 18, 29] (0.876026)
[12, 17, 18, 31] (0.931657)
[12, 17, 18, 43] (0.853397)
[12, 17, 21] (0.887487)
[12, 17, 29] (0.877904)
[12, 17, 31] (0.933351)
[12, 17, 43] (0.855037)
[12, 18] (0.996290)
[12, 18, 21] (0.885750)
[12, 18, 29] (0.876120)
[12, 18, 31] (0.931734)
[12, 18, 43] (0.853485)
[12, 21] (0.887578)
[12, 29] (0.877998)
[12, 31] (0.933427)
[12, 43] (0.855125)
[16] (0.977162)
[16, 17] (0.977068)
[16, 17, 18] (0.974816)
[16, 17, 18, 21] (0.866099)
[16, 17, 18, 29] (0.856048)
[16, 17, 18, 31] (0.915810)
[16, 17, 21] (0.868121)
[16, 17, 29] (0.858144)
[16, 17, 31] (0.917677)
[16, 18] (0.974911)
[16, 18, 21] (0.866190)
[16, 18, 29] (0.856142)
[16, 18, 31] (0.915886)
[16, 21] (0.868212)
[16, 29] (0.858238)
[16, 31] (0.917753)
[17] (0.999906)
[17, 18] (0.996708)
[17, 18, 21] (0.886132)
[17, 18, 29] (0.876484)
[17, 18, 31] (0.932078)
[17, 18, 43] (0.853843)
[17, 21] (0.888977)
[17, 29] (0.879406)
[17, 31] (0.934756)
[17, 43] (0.856498)
[18] (0.996802)
[18, 21] (0.886223)
[18, 29] (0.876578)
[18, 31] (0.932154)
[18, 43] (0.853932)
[21] (0.889069)
[29] (0.879500)
[31] (0.934832)
[43] (0.856586)
