[19] (0.992347)
[19, 37] (0.984724)
[19, 37, 75] (0.980106)
[19, 37, 91] (0.983481)
[19, 37, 91, 109] (0.982178)
[19, 37, 91, 109, 127] (0.980816)
[19, 37, 91, 127] (0.982119)
[19, 37, 109] (0.983421)
[19, 37, 109, 127] (0.982060)
[19, 37, 127] (0.983362)
[19, 55] (0.984754)
[19, 55, 75] (0.980135)
[19, 55, 91] (0.983510)
[19, 55, 91, 109] (0.982208)
[19, 55, 91, 109, 127] (0.980846)
[19, 55, 91, 127] (0.982148)
[19, 55, 109] (0.983451)
[19, 55, 109, 127] (0.982089)
[19, 55, 127] (0.983392)
[19, 75] (0.987729)
[19, 75, 91] (0.986485)
[19, 75, 91, 109] (0.985183)
[19, 75, 91, 109, 127] (0.983821)
[19, 75, 91, 127] (0.985124)
[19, 75, 109] (0.986426)
[19, 75, 109, 127] (0.985064)
[19, 75, 127] (0.986367)
[19, 88] (0.983037)
[19, 88, 91] (0.983037)
[19, 88, 91, 109] (0.981734)
[19, 88, 91, 109, 127] (0.980372)
[19, 88, 91, 127] (0.981675)
[19, 88, 109] (0.981734)
[19, 88, 109, 127] (0.980372)
[19, 88, 127] (0.981675)
[19, 91] (0.991104)
[19, 91, 106] (0.980180)
[19, 91, 106, 109] (0.980180)
[19, 91, 109] (0.989801)
[19, 91, 109, 127] (0.988439)
[19, 91, 127] (0.989742)
[19, 106] (0.981423)
[19, 106, 109] (0.981423)
[19, 106, 109, 127] (0.980061)
[19, 106, 127] (0.980061)
[19, 109] (0.991045)
[19, 109, 127] (0.989683)
[19, 127] (0.990985)
[37] (0.992377)
[37, 55] (0.984783)
[37, 55, 75] (0.980165)
[37, 55, 91] (0.983540)
[37, 55, 91, 109] (0.982237)
[37, 55, 91, 109, 127] (0.980875)
[37, 55, 91, 127] (0.982178)
[37, 55, 109] (0.983481)
[37, 55, 109, 127] (0.982119)
[37, 55, 127] (0.983421)
[37, 75] (0.987758)
[37, 75, 91] (0.986515)
[37, 75, 91, 109] (0.985212)
[37, 75, 91, 109, 127] (0.983851)
[37, 75, 91, 127] (0.985153)
[37, 75, 109] (0.986456)
[37, 75, 109, 127] (0.985094)
[37, 75, 127] (0.986397)
[37, 88] (0.983066)
[37, 88, 91] (0.983066)
[37, 88, 91, 109] (0.981764)
[37, 88, 91, 109, 127] (0.980402)
[37, 88, 91, 127] (0.981704)
[37, 88, 109] (0.981764)
[37, 88, 109, 127] (0.980402)
[37, 88, 127] (0.981704)
[37, 91] (0.991133)
[37, 91, 106] (0.980209)
[37, 91, 106, 109] (0.980209)
[37, 91, 109] (0.989831)
[37, 91, 109, 127] (0.988469)
[37, 91, 127] (0.989772)
[37, 106] (0.981453)
[37, 106, 109] (0.981453)
[37, 106, 109, 127] (0.980091)
[37, 106, 127] (0.980091)
[37, 109] (0.991074)
[37, 109, 127] (0.989712)
[37, 127] (0.991015)
[55] (0.992406)
[55, 75] (0.987788)
[55, 75, 91] (0.986545)
[55, 75, 91, 109] (0.985242)
[55, 75, 91, 109, 127] (0.983880)
[55, 75, 91, 127] (0.985183)
[55, 75, 109] (0.986485)
[55, 75, 109, 127] (0.985124)
[55, 75, 127] (0.986426)
[55, 88] (0.983096)
[55, 88, 91] (0.983096)
[55, 88, 91, 109] (0.981793)
[55, 88, 91, 109, 127] (0.980431)
[55, 88, 91, 127] (0.981734)
[55, 88, 109] (0.981793)
[55, 88, 109, 127] (0.980431)
[55, 88, 127] (0.981734)
[55, 91] (0.991163)
[55, 91, 106] (0.980239)
[55, 91, 106, 109] (0.980239)
[55, 91, 109] (0.989860)
[55, 91, 109, 127] (0.988499)
[55, 91, 127] (0.989801)
[55, 106] (0.981482)
[55, 106, 109] (0.981482)
[55, 106, 109, 127] (0.980120)
[55, 106, 127] (0.980120)
[55, 109] (0.991104)
[55, 109, 127] (0.989742)
[55, 127] (0.991045)
[75] (0.995382)
[75, 88] (0.986071)
[75, 88, 91] (0.986071)
[75, 88, 91, 109] (0.984768)
[75, 88, 91, 109, 127] (0.983407)
[75, 88, 91, 127] (0.984709)
[75, 88, 109] (0.984768)
[75, 88, 109, 127] (0.983407)
[75, 88, 127] (0.984709)
[75, 91] (0.994138)
[75, 91, 106] (0.983214)
[75, 91, 106, 109] (0.983214)
[75, 91, 106, 109, 127] (0.981852)
[75, 91, 106, 127] (0.981852)
[75, 91, 109] (0.992836)
[75, 91, 109, 124] (0.980298)
[75, 91, 109, 124, 127] (0.980298)
[75, 91, 109, 127] (0.991474)
[75, 91, 124] (0.981601)
[75, 91, 124, 127] (0.981601)
[75, 91, 127] (0.992776)
[75, 106] (0.984458)
[75, 106, 109] (0.984458)
[75, 106, 109, 127] (0.983096)
[75, 106, 127] (0.983096)
[75, 109] (0.994079)
[75, 109, 124] (0.981542)
[75, 109, 124, 127] (0.981542)
[75, 109, 127] (0.992717)
[75, 124] (0.982844)
[75, 124, 127] (0.982844)
[75, 127] (0.994020)
[88] (0.990689)
[88, 91] (0.990689)
[88, 91, 109] (0.989387)
[88, 91, 109, 127] (0.988025)
[88, 91, 127] (0.989328)
[88, 109] (0.989387)
[88, 109, 127] (0.988025)
[88, 127] (0.989328)
[91] (0.998757)
[91, 106] (0.987832)
[91, 106, 109] (0.987832)
[91, 106, 109, 127] (0.986471)
[91, 106, 127] (0.986471)
[91, 109] (0.997454)
[91, 109, 124] (0.984916)
[91, 109, 124, 127] (0.984916)
[91, 109, 127] (0.996092)
[91, 124] (0.986219)
[91, 124, 127] (0.986219)
[91, 127] (0.997395)
[106] (0.989076)
[106, 109] (0.989076)
[106, 109, 127] (0.987714)
[106, 127] (0.987714)
[109] (0.998697)
[109, 124] (0.986160)
[109, 124, 127] (0.986160)
[109, 127] (0.997336)
[124] (0.987462)
[124, 127] (0.987462)
[127] (0.998638)
