[16] (0.966073)
[16, 19] (0.966073)
[16, 19, 37] (0.958450)
[16, 19, 37, 55] (0.950856)
[16, 19, 37, 75] (0.953832)
[16, 19, 37, 75, 91] (0.952588)
[16, 19, 37, 75, 91, 109] (0.951286)
[16, 19, 37, 75, 91, 127] (0.951226)
[16, 19, 37, 75, 109] (0.952529)
[16, 19, 37, 75, 109, 127] (0.951167)
[16, 19, 37, 75, 127] (0.952470)
[16, 19, 37, 91] (0.957207)
[16, 19, 37, 91, 109] (0.955904)
[16, 19, 37, 91, 109, 127] (0.954542)
[16, 19, 37, 91, 127] (0.955845)
[16, 19, 37, 109] (0.957147)
[16, 19, 37, 109, 127] (0.955785)
[16, 19, 37, 127] (0.957088)
[16, 19, 55] (0.958480)
[16, 19, 55, 75] (0.953861)
[16, 19, 55, 75, 91] (0.952618)
[16, 19, 55, 75, 91, 109] (0.951315)
[16, 19, 55, 75, 91, 127] (0.951256)
[16, 19, 55, 75, 109] (0.952559)
[16, 19, 55, 75, 109, 127] (0.951197)
[16, 19, 55, 75, 127] (0.952499)
[16, 19, 55, 91] (0.957236)
[16, 19, 55, 91, 109] (0.955934)
[16, 19, 55, 91, 109, 127] (0.954572)
[16, 19, 55, 91, 127] (0.955874)
[16, 19, 55, 109] (0.957177)
[16, 19, 55, 109, 127] (0.955815)
[16, 19, 55, 127] (0.957118)
[16, 19, 75] (0.961455)
[16, 19, 75, 88] (0.952144)
[16, 19, 75, 88, 91] (0.952144)
[16, 19, 75, 88, 91, 109] (0.950842)
[16, 19, 75, 88, 91, 127] (0.950782)
[16, 19, 75, 88, 109] (0.950842)
[16, 19, 75, 88, 127] (0.950782)
[16, 19, 75, 91] (0.960211)
[16, 19, 75, 91, 109] (0.958909)
[16, 19, 75, 91, 109, 127] (0.957547)
[16, 19, 75, 91, 127] (0.958850)
[16, 19, 75, 106] (0.950531)
[16, 19, 75, 106, 109] (0.950531)
[16, 19, 75, 109] (0.960152)
[16, 19, 75, 109, 127] (0.958790)
[16, 19, 75, 127] (0.960093)
[16, 19, 88] (0.956762)
[16, 19, 88, 91] (0.956762)
[16, 19, 88, 91, 109] (0.955460)
[16, 19, 88, 91, 109, 127] (0.954098)
[16, 19, 88, 91, 127] (0.955401)
[16, 19, 88, 109] (0.955460)
[16, 19, 88, 109, 127] (0.954098)
[16, 19, 88, 127] (0.955401)
[16, 19, 91] (0.964830)
[16, 19, 91, 106] (0.953906)
[16, 19, 91, 106, 109] (0.953906)
[16, 19, 91, 106, 109, 127] (0.952544)
[16, 19, 91, 106, 127] (0.952544)
[16, 19, 91, 109] (0.963527)
[16, 19, 91, 109, 124] (0.950990)
[16, 19, 91, 109, 124, 127] (0.950990)
[16, 19, 91, 109, 127] (0.962165)
[16, 19, 91, 124] (0.952292)
[16, 19, 91, 124, 127] (0.952292)
[16, 19, 91, 127] (0.963468)
[16, 19, 106] (0.955149)
[16, 19, 106, 109] (0.955149)
[16, 19, 106, 109, 127] (0.953787)
[16, 19, 106, 127] (0.953787)
[16, 19, 109] (0.964770)
[16, 19, 109, 124] (0.952233)
[16, 19, 109, 124, 127] (0.952233)
[16, 19, 109, 127] (0.963409)
[16, 19, 124] (0.953536)
[16, 19, 124, 127] (0.953536)
[16, 19, 127] (0.964711)
[16, 37] (0.958450)
[16, 37, 55] (0.950856)
[16, 37, 75] (0.953832)
[16, 37, 75, 91] (0.952588)
[16, 37, 75, 91, 109] (0.951286)
[16, 37, 75, 91, 127] (0.951226)
[16, 37, 75, 109] (0.952529)
[16, 37, 75, 109, 127] (0.951167)
[16, 37, 75, 127] (0.952470)
[16, 37, 91] (0.957207)
[16, 37, 91, 109] (0.955904)
[16, 37, 91, 109, 127] (0.954542)
[16, 37, 91, 127] (0.955845)
[16, 37, 109] (0.957147)
[16, 37, 109, 127] (0.955785)
[16, 37, 127] (0.957088)
[16, 55] (0.958480)
[16, 55, 75] (0.953861)
[16, 55, 75, 91] (0.952618)
[16, 55, 75, 91, 109] (0.951315)
[16, 55, 75, 91, 127] (0.951256)
[16, 55, 75, 109] (0.952559)
[16, 55, 75, 109, 127] (0.951197)
[16, 55, 75, 127] (0.952499)
[16, 55, 91] (0.957236)
[16, 55, 91, 109] (0.955934)
[16, 55, 91, 109, 127] (0.954572)
[16, 55, 91, 127] (0.955874)
[16, 55, 109] (0.957177)
[16, 55, 109, 127] (0.955815)
[16, 55, 127] (0.957118)
[16, 75] (0.961455)
[16, 75, 88] (0.952144)
[16, 75, 88, 91] (0.952144)
[16, 75, 88, 91, 109] (0.950842)
[16, 75, 88, 91, 127] (0.950782)
[16, 75, 88, 109] (0.950842)
[16, 75, 88, 127] (0.950782)
[16, 75, 91] (0.960211)
[16, 75, 91, 109] (0.958909)
[16, 75, 91, 109, 127] (0.957547)
[16, 75, 91, 127] (0.958850)
[16, 75, 106] (0.950531)
[16, 75, 106, 109] (0.950531)
[16, 75, 109] (0.960152)
[16, 75, 109, 127] (0.958790)
[16, 75, 127] (0.960093)
[16, 88] (0.956762)
[16, 88, 91] (0.956762)
[16, 88, 91, 109] (0.955460)
[16, 88, 91, 109, 127] (0.954098)
[16, 88, 91, 127] (0.955401)
[16, 88, 109] (0.955460)
[16, 88, 109, 127] (0.954098)
[16, 88, 127] (0.955401)
[16, 91] (0.964830)
[16, 91, 106] (0.953906)
[16, 91, 106, 109] (0.953906)
[16, 91, 106, 109, 127] (0.952544)
[16, 91, 106, 127] (0.952544)
[16, 91, 109] (0.963527)
[16, 91, 109, 124] (0.950990)
[16, 91, 109, 124, 127] (0.950990)
[16, 91, 109, 127] (0.962165)
[16, 91, 124] (0.952292)
[16, 91, 124, 127] (0.952292)
[16, 91, 127] (0.963468)
[16, 106] (0.955149)
[16, 106, 109] (0.955149)
[16, 106, 109, 127] (0.953787)
[16, 106, 127] (0.953787)
[16, 109] (0.964770)
[16, 109, 124] (0.952233)
[16, 109, 124, 127] (0.952233)
[16, 109, 127] (0.963409)
[16, 124] (0.953536)
[16, 124, 127] (0.953536)
[16, 127] (0.964711)
[19] (0.992347)
[19, 34] (0.957517)
[19, 34, 37] (0.957517)
[19, 34, 37, 75] (0.952899)
[19, 34, 37, 75, 91] (0.951656)
[19, 34, 37, 75, 91, 109] (0.950353)
[19, 34, 37, 75, 91, 127] (0.950294)
[19, 34, 37, 75, 109] (0.951596)
[19, 34, 37, 75, 109, 127] (0.950235)
[19, 34, 37, 75, 127] (0.951537)
[19, 34, 37, 91] (0.956274)
[19, 34, 37, 91, 109] (0.954971)
[19, 34, 37, 91, 109, 127] (0.953610)
[19, 34, 37, 91, 127] (0.954912)
[19, 34, 37, 109] (0.956215)
[19, 34, 37, 109, 127] (0.954853)
[19, 34, 37, 127] (0.956156)
[19, 34, 75] (0.952899)
[19, 34, 75, 91] (0.951656)
[19, 34, 75, 91, 109] (0.950353)
[19, 34, 75, 91, 127] (0.950294)
[19, 34, 75, 109] (0.951596)
[19, 34, 75, 109, 127] (0.950235)
[19, 34, 75, 127] (0.951537)
[19, 34, 91] (0.956274)
[19, 34, 91, 109] (0.954971)
[19, 34, 91, 109, 127] (0.953610)
[19, 34, 91, 127] (0.954912)
[19, 34, 109] (0.956215)
[19, 34, 109, 127] (0.954853)
[19, 34, 127] (0.956156)
[19, 37] (0.984724)
[19, 37, 55] (0.977130)
[19, 37, 55, 72] (0.954690)
[19, 37, 55, 72, 75] (0.954690)
[19, 37, 55, 72, 75, 91] (0.953447)
[19, 37, 55, 72, 75, 91, 109] (0.952144)
[19, 37, 55, 72, 75, 91, 109, 127] (0.950782)
[19, 37, 55, 72, 75, 91, 127] (0.952085)
[19, 37, 55, 72, 75, 109] (0.953388)
[19, 37, 55, 72, 75, 109, 127] (0.952026)
[19, 37, 55, 72, 75, 127] (0.953328)
[19, 37, 55, 72, 91] (0.953447)
[19, 37, 55, 72, 91, 109] (0.952144)
[19, 37, 55, 72, 91, 109, 127] (0.950782)
[19, 37, 55, 72, 91, 127] (0.952085)
[19, 37, 55, 72, 109] (0.953388)
[19, 37, 55, 72, 109, 127] (0.952026)
[19, 37, 55, 72, 127] (0.953328)
[19, 37, 55, 75] (0.972512)
[19, 37, 55, 75, 88] (0.963201)
[19, 37, 55, 75, 88, 91] (0.963201)
[19, 37, 55, 75, 88, 91, 106] (0.952277)
[19, 37, 55, 75, 88, 91, 106, 109] (0.952277)
[19, 37, 55, 75, 88, 91, 106, 109, 127] (0.950916)
[19, 37, 55, 75, 88, 91, 106, 127] (0.950916)
[19, 37, 55, 75, 88, 91, 109] (0.961899)
[19, 37, 55, 75, 88, 91, 109, 127] (0.960537)
[19, 37, 55, 75, 88, 91, 124] (0.950664)
[19, 37, 55, 75, 88, 91, 124, 127] (0.950664)
[19, 37, 55, 75, 88, 91, 127] (0.961840)
[19, 37, 55, 75, 88, 106] (0.952277)
[19, 37, 55, 75, 88, 106, 109] (0.952277)
[19, 37, 55, 75, 88, 106, 109, 127] (0.950916)
[19, 37, 55, 75, 88, 106, 127] (0.950916)
[19, 37, 55, 75, 88, 109] (0.961899)
[19, 37, 55, 75, 88, 109, 127] (0.960537)
[19, 37, 55, 75, 88, 124] (0.950664)
[19, 37, 55, 75, 88, 124, 127] (0.950664)
[19, 37, 55, 75, 88, 127] (0.961840)
[19, 37, 55, 75, 91] (0.971269)
[19, 37, 55, 75, 91, 106] (0.960345)
[19, 37, 55, 75, 91, 106, 109] (0.960345)
[19, 37, 55, 75, 91, 106, 109, 127] (0.958983)
[19, 37, 55, 75, 91, 106, 127] (0.958983)
[19, 37, 55, 75, 91, 109] (0.969966)
[19, 37, 55, 75, 91, 109, 124] (0.957429)
[19, 37, 55, 75, 91, 109, 124, 127] (0.957429)
[19, 37, 55, 75, 91, 109, 127] (0.968604)
[19, 37, 55, 75, 91, 124] (0.958731)
[19, 37, 55, 75, 91, 124, 127] (0.958731)
[19, 37, 55, 75, 91, 127] (0.969907)
[19, 37, 55, 75, 106] (0.961588)
[19, 37, 55, 75, 106, 109] (0.961588)
[19, 37, 55, 75, 106, 109, 127] (0.960226)
[19, 37, 55, 75, 106, 127] (0.960226)
[19, 37, 55, 75, 109] (0.971209)
[19, 37, 55, 75, 109, 124] (0.958672)
[19, 37, 55, 75, 109, 124, 127] (0.958672)
[19, 37, 55, 75, 109, 127] (0.969848)
[19, 37, 55, 75, 124] (0.959975)
[19, 37, 55, 75, 124, 127] (0.959975)
[19, 37, 55, 75, 127] (0.971150)
[19, 37, 55, 88] (0.967820)
[19, 37, 55, 88, 91] (0.967820)
[19, 37, 55, 88, 91, 106] (0.956896)
[19, 37, 55, 88, 91, 106, 109] (0.956896)
[19, 37, 55, 88, 91, 106, 109, 127] (0.955534)
[19, 37, 55, 88, 91, 106, 127] (0.955534)
[19, 37, 55, 88, 91, 109] (0.966517)
[19, 37, 55, 88, 91, 109, 124] (0.953980)
[19, 37, 55, 88, 91, 109, 124, 127] (0.953980)
[19, 37, 55, 88, 91, 109, 127] (0.965155)
[19, 37, 55, 88, 91, 124] (0.955282)
[19, 37, 55, 88, 91, 124, 127] (0.955282)
[19, 37, 55, 88, 91, 127] (0.966458)
[19, 37, 55, 88, 106] (0.956896)
[19, 37, 55, 88, 106, 109] (0.956896)
[19, 37, 55, 88, 106, 109, 127] (0.955534)
[19, 37, 55, 88, 106, 127] (0.955534)
[19, 37, 55, 88, 109] (0.966517)
[19, 37, 55, 88, 109, 124] (0.953980)
[19, 37, 55, 88, 109, 124, 127] (0.953980)
[19, 37, 55, 88, 109, 127] (0.965155)
[19, 37, 55, 88, 124] (0.955282)
[19, 37, 55, 88, 124, 127] (0.955282)
[19, 37, 55, 88, 127] (0.966458)
[19, 37, 55, 91] (0.975887)
[19, 37, 55, 91, 106] (0.964963)
[19, 37, 55, 91, 106, 109] (0.964963)
[19, 37, 55, 91, 106, 109, 124] (0.952425)
[19, 37, 55, 91, 106, 109, 124, 127] (0.952425)
[19, 37, 55, 91, 106, 109, 127] (0.963601)
[19, 37, 55, 91, 106, 124] (0.952425)
[19, 37, 55, 91, 106, 124, 127] (0.952425)
[19, 37, 55, 91, 106, 127] (0.963601)
[19, 37, 55, 91, 109] (0.974584)
[19, 37, 55, 91, 109, 124] (0.962047)
[19, 37, 55, 91, 109, 124, 127] (0.962047)
[19, 37, 55, 91, 109, 127] (0.973223)
[19, 37, 55, 91, 124] (0.963349)
[19, 37, 55, 91, 124, 127] (0.963349)
[19, 37, 55, 91, 127] (0.974525)
[19, 37, 55, 106] (0.966206)
[19, 37, 55, 106, 109] (0.966206)
[19, 37, 55, 106, 109, 124] (0.953669)
[19, 37, 55, 106, 109, 124, 127] (0.953669)
[19, 37, 55, 106, 109, 127] (0.964845)
[19, 37, 55, 106, 124] (0.953669)
[19, 37, 55, 106, 124, 127] (0.953669)
[19, 37, 55, 106, 127] (0.964845)
[19, 37, 55, 109] (0.975828)
[19, 37, 55, 109, 124] (0.963290)
[19, 37, 55, 109, 124, 127] (0.963290)
[19, 37, 55, 109, 127] (0.974466)
[19, 37, 55, 124] (0.964593)
[19, 37, 55, 124, 127] (0.964593)
[19, 37, 55, 127] (0.975769)
[19, 37, 72] (0.962284)
[19, 37, 72, 75] (0.962284)
[19, 37, 72, 75, 88] (0.952973)
[19, 37, 72, 75, 88, 91] (0.952973)
[19, 37, 72, 75, 88, 91, 109] (0.951670)
[19, 37, 72, 75, 88, 91, 109, 127] (0.950309)
[19, 37, 72, 75, 88, 91, 127] (0.951611)
[19, 37, 72, 75, 88, 109] (0.951670)
[19, 37, 72, 75, 88, 109, 127] (0.950309)
[19, 37, 72, 75, 88, 127] (0.951611)
[19, 37, 72, 75, 91] (0.961040)
[19, 37, 72, 75, 91, 106] (0.950116)
[19, 37, 72, 75, 91, 106, 109] (0.950116)
[19, 37, 72, 75, 91, 109] (0.959738)
[19, 37, 72, 75, 91, 109, 127] (0.958376)
[19, 37, 72, 75, 91, 127] (0.959678)
[19, 37, 72, 75, 106] (0.951360)
[19, 37, 72, 75, 106, 109] (0.951360)
[19, 37, 72, 75, 109] (0.960981)
[19, 37, 72, 75, 109, 127] (0.959619)
[19, 37, 72, 75, 127] (0.960922)
[19, 37, 72, 88] (0.952973)
[19, 37, 72, 88, 91] (0.952973)
[19, 37, 72, 88, 91, 109] (0.951670)
[19, 37, 72, 88, 91, 109, 127] (0.950309)
[19, 37, 72, 88, 91, 127] (0.951611)
[19, 37, 72, 88, 109] (0.951670)
[19, 37, 72, 88, 109, 127] (0.950309)
[19, 37, 72, 88, 127] (0.951611)
[19, 37, 72, 91] (0.961040)
[19, 37, 72, 91, 106] (0.950116)
[19, 37, 72, 91, 106, 109] (0.950116)
[19, 37, 72, 91, 109] (0.959738)
[19, 37, 72, 91, 109, 127] (0.958376)
[19, 37, 72, 91, 127] (0.959678)
[19, 37, 72, 106] (0.951360)
[19, 37, 72, 106, 109] (0.951360)
[19, 37, 72, 109] (0.960981)
[19, 37, 72, 109, 127] (0.959619)
[19, 37, 72, 127] (0.960922)
[19, 37, 75] (0.980106)
[19, 37, 75, 88] (0.970795)
[19, 37, 75, 88, 91] (0.970795)
[19, 37, 75, 88, 91, 106] (0.959871)
[19, 37, 75, 88, 91, 106, 109] (0.959871)
[19, 37, 75, 88, 91, 106, 109, 127] (0.958509)
[19, 37, 75, 88, 91, 106, 127] (0.958509)
[19, 37, 75, 88, 91, 109] (0.969492)
[19, 37, 75, 88, 91, 109, 124] (0.956955)
[19, 37, 75, 88, 91, 109, 124, 127] (0.956955)
[19, 37, 75, 88, 91, 109, 127] (0.968131)
[19, 37, 75, 88, 91, 124] (0.958257)
[19, 37, 75, 88, 91, 124, 127] (0.958257)
[19, 37, 75, 88, 91, 127] (0.969433)
[19, 37, 75, 88, 106] (0.959871)
[19, 37, 75, 88, 106, 109] (0.959871)
[19, 37, 75, 88, 106, 109, 127] (0.958509)
[19, 37, 75, 88, 106, 127] (0.958509)
[19, 37, 75, 88, 109] (0.969492)
[19, 37, 75, 88, 109, 124] (0.956955)
[19, 37, 75, 88, 109, 124, 127] (0.956955)
[19, 37, 75, 88, 109, 127] (0.968131)
[19, 37, 75, 88, 124] (0.958257)
[19, 37, 75, 88, 124, 127] (0.958257)
[19, 37, 75, 88, 127] (0.969433)
[19, 37, 75, 91] (0.978862)
[19, 37, 75, 91, 106] (0.967938)
[19, 37, 75, 91, 106, 109] (0.967938)
[19, 37, 75, 91, 106, 109, 124] (0.955401)
[19, 37, 75, 91, 106, 109, 124, 127] (0.955401)
[19, 37, 75, 91, 106, 109, 127] (0.966576)
[19, 37, 75, 91, 106, 124] (0.955401)
[19, 37, 75, 91, 106, 124, 127] (0.955401)
[19, 37, 75, 91, 106, 127] (0.966576)
[19, 37, 75, 91, 109] (0.977560)
[19, 37, 75, 91, 109, 124] (0.965022)
[19, 37, 75, 91, 109, 124, 127] (0.965022)
[19, 37, 75, 91, 109, 127] (0.976198)
[19, 37, 75, 91, 124] (0.966325)
[19, 37, 75, 91, 124, 127] (0.966325)
[19, 37, 75, 91, 127] (0.977500)
[19, 37, 75, 106] (0.969182)
[19, 37, 75, 106, 109] (0.969182)
[19, 37, 75, 106, 109, 124] (0.956644)
[19, 37, 75, 106, 109, 124, 127] (0.956644)
[19, 37, 75, 106, 109, 127] (0.967820)
[19, 37, 75, 106, 124] (0.956644)
[19, 37, 75, 106, 124, 127] (0.956644)
[19, 37, 75, 106, 127] (0.967820)
[19, 37, 75, 109] (0.978803)
[19, 37, 75, 109, 124] (0.966266)
[19, 37, 75, 109, 124, 127] (0.966266)
[19, 37, 75, 109, 127] (0.977441)
[19, 37, 75, 124] (0.967568)
[19, 37, 75, 124, 127] (0.967568)
[19, 37, 75, 127] (0.978744)
[19, 37, 85] (0.953536)
[19, 37, 85, 88] (0.953536)
[19, 37, 85, 88, 91] (0.953536)
[19, 37, 85, 88, 91, 109] (0.952233)
[19, 37, 85, 88, 91, 109, 127] (0.950871)
[19, 37, 85, 88, 91, 127] (0.952174)
[19, 37, 85, 88, 109] (0.952233)
[19, 37, 85, 88, 109, 127] (0.950871)
[19, 37, 85, 88, 127] (0.952174)
[19, 37, 85, 91] (0.953536)
[19, 37, 85, 91, 109] (0.952233)
[19, 37, 85, 91, 109, 127] (0.950871)
[19, 37, 85, 91, 127] (0.952174)
[19, 37, 85, 109] (0.952233)
[19, 37, 85, 109, 127] (0.950871)
[19, 37, 85, 127] (0.952174)
[19, 37, 88] (0.975413)
[19, 37, 88, 91] (0.975413)
[19, 37, 88, 91, 106] (0.964489)
[19, 37, 88, 91, 106, 109] (0.964489)
[19, 37, 88, 91, 106, 109, 124] (0.951952)
[19, 37, 88, 91, 106, 109, 124, 127] (0.951952)
[19, 37, 88, 91, 106, 109, 127] (0.963127)
[19, 37, 88, 91, 106, 124] (0.951952)
[19, 37, 88, 91, 106, 124, 127] (0.951952)
[19, 37, 88, 91, 106, 127] (0.963127)
[19, 37, 88, 91, 109] (0.974111)
[19, 37, 88, 91, 109, 124] (0.961573)
[19, 37, 88, 91, 109, 124, 127] (0.961573)
[19, 37, 88, 91, 109, 127] (0.972749)
[19, 37, 88, 91, 124] (0.962876)
[19, 37, 88, 91, 124, 127] (0.962876)
[19, 37, 88, 91, 127] (0.974052)
[19, 37, 88, 106] (0.964489)
[19, 37, 88, 106, 109] (0.964489)
[19, 37, 88, 106, 109, 124] (0.951952)
[19, 37, 88, 106, 109, 124, 127] (0.951952)
[19, 37, 88, 106, 109, 127] (0.963127)
[19, 37, 88, 106, 124] (0.951952)
[19, 37, 88, 106, 124, 127] (0.951952)
[19, 37, 88, 106, 127] (0.963127)
[19, 37, 88, 109] (0.974111)
[19, 37, 88, 109, 124] (0.961573)
[19, 37, 88, 109, 124, 127] (0.961573)
[19, 37, 88, 109, 127] (0.972749)
[19, 37, 88, 124] (0.962876)
[19, 37, 88, 124, 127] (0.962876)
[19, 37, 88, 127] (0.974052)
[19, 37, 91] (0.983481)
[19, 37, 91, 106] (0.972557)
[19, 37, 91, 106, 109] (0.972557)
[19, 37, 91, 106, 109, 124] (0.960019)
[19, 37, 91, 106, 109, 124, 127] (0.960019)
[19, 37, 91, 106, 109, 127] (0.971195)
[19, 37, 91, 106, 124] (0.960019)
[19, 37, 91, 106, 124, 127] (0.960019)
[19, 37, 91, 106, 127] (0.971195)
[19, 37, 91, 109] (0.982178)
[19, 37, 91, 109, 124] (0.969640)
[19, 37, 91, 109, 124, 127] (0.969640)
[19, 37, 91, 109, 127] (0.980816)
[19, 37, 91, 124] (0.970943)
[19, 37, 91, 124, 127] (0.970943)
[19, 37, 91, 127] (0.982119)
[19, 37, 106] (0.973800)
[19, 37, 106, 109] (0.973800)
[19, 37, 106, 109, 124] (0.961262)
[19, 37, 106, 109, 124, 127] (0.961262)
[19, 37, 106, 109, 127] (0.972438)
[19, 37, 106, 124] (0.961262)
[19, 37, 106, 124, 127] (0.961262)
[19, 37, 106, 127] (0.972438)
[19, 37, 109] (0.983421)
[19, 37, 109, 124] (0.970884)
[19, 37, 109, 124, 127] (0.970884)
[19, 37, 109, 127] (0.982060)
[19, 37, 124] (0.972186)
[19, 37, 124, 127] (0.972186)
[19, 37, 127] (0.983362)
[19, 52] (0.956614)
[19, 52, 55] (0.956614)
[19, 52, 55, 75] (0.951996)
[19, 52, 55, 75, 91] (0.950753)
[19, 52, 55, 75, 109] (0.950693)
[19, 52, 55, 75, 127] (0.950634)
[19, 52, 55, 91] (0.955371)
[19, 52, 55, 91, 109] (0.954068)
[19, 52, 55, 91, 109, 127] (0.952707)
[19, 52, 55, 91, 127] (0.954009)
[19, 52, 55, 109] (0.955312)
[19, 52, 55, 109, 127] (0.953950)
[19, 52, 55, 127] (0.955253)
[19, 52, 75] (0.951996)
[19, 52, 75, 91] (0.950753)
[19, 52, 75, 109] (0.950693)
[19, 52, 75, 127] (0.950634)
[19, 52, 91] (0.955371)
[19, 52, 91, 109] (0.954068)
[19, 52, 91, 109, 127] (0.952707)
[19, 52, 91, 127] (0.954009)
[19, 52, 109] (0.955312)
[19, 52, 109, 127] (0.953950)
[19, 52, 127] (0.955253)
[19, 55] (0.984754)
[19, 55, 72] (0.962313)
[19, 55, 72, 75] (0.962313)
[19, 55, 72, 75, 88] (0.953003)
[19, 55, 72, 75, 88, 91] (0.953003)
[19, 55, 72, 75, 88, 91, 109] (0.951700)
[19, 55, 72, 75, 88, 91, 109, 127] (0.950338)
[19, 55, 72, 75, 88, 91, 127] (0.951641)
[19, 55, 72, 75, 88, 109] (0.951700)
[19, 55, 72, 75, 88, 109, 127] (0.950338)
[19, 55, 72, 75, 88, 127] (0.951641)
[19, 55, 72, 75, 91] (0.961070)
[19, 55, 72, 75, 91, 106] (0.950146)
[19, 55, 72, 75, 91, 106, 109] (0.950146)
[19, 55, 72, 75, 91, 109] (0.959767)
[19, 55, 72, 75, 91, 109, 127] (0.958405)
[19, 55, 72, 75, 91, 127] (0.959708)
[19, 55, 72, 75, 106] (0.951389)
[19, 55, 72, 75, 106, 109] (0.951389)
[19, 55, 72, 75, 106, 109, 127] (0.950027)
[19, 55, 72, 75, 106, 127] (0.950027)
[19, 55, 72, 75, 109] (0.961011)
[19, 55, 72, 75, 109, 127] (0.959649)
[19, 55, 72, 75, 127] (0.960951)
[19, 55, 72, 88] (0.953003)
[19, 55, 72, 88, 91] (0.953003)
[19, 55, 72, 88, 91, 109] (0.951700)
[19, 55, 72, 88, 91, 109, 127] (0.950338)
[19, 55, 72, 88, 91, 127] (0.951641)
[19, 55, 72, 88, 109] (0.951700)
[19, 55, 72, 88, 109, 127] (0.950338)
[19, 55, 72, 88, 127] (0.951641)
[19, 55, 72, 91] (0.961070)
[19, 55, 72, 91, 106] (0.950146)
[19, 55, 72, 91, 106, 109] (0.950146)
[19, 55, 72, 91, 109] (0.959767)
[19, 55, 72, 91, 109, 127] (0.958405)
[19, 55, 72, 91, 127] (0.959708)
[19, 55, 72, 106] (0.951389)
[19, 55, 72, 106, 109] (0.951389)
[19, 55, 72, 106, 109, 127] (0.950027)
[19, 55, 72, 106, 127] (0.950027)
[19, 55, 72, 109] (0.961011)
[19, 55, 72, 109, 127] (0.959649)
[19, 55, 72, 127] (0.960951)
[19, 55, 75] (0.980135)
[19, 55, 75, 88] (0.970825)
[19, 55, 75, 88, 91] (0.970825)
[19, 55, 75, 88, 91, 106] (0.959901)
[19, 55, 75, 88, 91, 106, 109] (0.959901)
[19, 55, 75, 88, 91, 106, 109, 127] (0.958539)
[19, 55, 75, 88, 91, 106, 127] (0.958539)
[19, 55, 75, 88, 91, 109] (0.969522)
[19, 55, 75, 88, 91, 109, 124] (0.956984)
[19, 55, 75, 88, 91, 109, 124, 127] (0.956984)
[19, 55, 75, 88, 91, 109, 127] (0.968160)
[19, 55, 75, 88, 91, 124] (0.958287)
[19, 55, 75, 88, 91, 124, 127] (0.958287)
[19, 55, 75, 88, 91, 127] (0.969463)
[19, 55, 75, 88, 106] (0.959901)
[19, 55, 75, 88, 106, 109] (0.959901)
[19, 55, 75, 88, 106, 109, 127] (0.958539)
[19, 55, 75, 88, 106, 127] (0.958539)
[19, 55, 75, 88, 109] (0.969522)
[19, 55, 75, 88, 109, 124] (0.956984)
[19, 55, 75, 88, 109, 124, 127] (0.956984)
[19, 55, 75, 88, 109, 127] (0.968160)
[19, 55, 75, 88, 124] (0.958287)
[19, 55, 75, 88, 124, 127] (0.958287)
[19, 55, 75, 88, 127] (0.969463)
[19, 55, 75, 91] (0.978892)
[19, 55, 75, 91, 106] (0.967968)
[19, 55, 75, 91, 106, 109] (0.967968)
[19, 55, 75, 91, 106, 109, 124] (0.955430)
[19, 55, 75, 91, 106, 109, 124, 127] (0.955430)
[19, 55, 75, 91, 106, 109, 127] (0.966606)
[19, 55, 75, 91, 106, 124] (0.955430)
[19, 55, 75, 91, 106, 124, 127] (0.955430)
[19, 55, 75, 91, 106, 127] (0.966606)
[19, 55, 75, 91, 109] (0.977589)
[19, 55, 75, 91, 109, 124] (0.965052)
[19, 55, 75, 91, 109, 124, 127] (0.965052)
[19, 55, 75, 91, 109, 127] (0.976227)
[19, 55, 75, 91, 124] (0.966354)
[19, 55, 75, 91, 124, 127] (0.966354)
[19, 55, 75, 91, 127] (0.977530)
[19, 55, 75, 106] (0.969211)
[19, 55, 75, 106, 109] (0.969211)
[19, 55, 75, 106, 109, 124] (0.956674)
[19, 55, 75, 106, 109, 124, 127] (0.956674)
[19, 55, 75, 106, 109, 127] (0.967849)
[19, 55, 75, 106, 124] (0.956674)
[19, 55, 75, 106, 124, 127] (0.956674)
[19, 55, 75, 106, 127] (0.967849)
[19, 55, 75, 109] (0.978833)
[19, 55, 75, 109, 124] (0.966295)
[19, 55, 75, 109, 124, 127] (0.966295)
[19, 55, 75, 109, 127] (0.977471)
[19, 55, 75, 124] (0.967598)
[19, 55, 75, 124, 127] (0.967598)
[19, 55, 75, 127] (0.978773)
[19, 55, 85] (0.953565)
[19, 55, 85, 88] (0.953565)
[19, 55, 85, 88, 91] (0.953565)
[19, 55, 85, 88, 91, 109] (0.952263)
[19, 55, 85, 88, 91, 109, 127] (0.950901)
[19, 55, 85, 88, 91, 127] (0.952203)
[19, 55, 85, 88, 109] (0.952263)
[19, 55, 85, 88, 109, 127] (0.950901)
[19, 55, 85, 88, 127] (0.952203)
[19, 55, 85, 91] (0.953565)
[19, 55, 85, 91, 109] (0.952263)
[19, 55, 85, 91, 109, 127] (0.950901)
[19, 55, 85, 91, 127] (0.952203)
[19, 55, 85, 109] (0.952263)
[19, 55, 85, 109, 127] (0.950901)
[19, 55, 85, 127] (0.952203)
[19, 55, 88] (0.975443)
[19, 55, 88, 91] (0.975443)
[19, 55, 88, 91, 106] (0.964519)
[19, 55, 88, 91, 106, 109] (0.964519)
[19, 55, 88, 91, 106, 109, 124] (0.951981)
[19, 55, 88, 91, 106, 109, 124, 127] (0.951981)
[19, 55, 88, 91, 106, 109, 127] (0.963157)
[19, 55, 88, 91, 106, 124] (0.951981)
[19, 55, 88, 91, 106, 124, 127] (0.951981)
[19, 55, 88, 91, 106, 127] (0.963157)
[19, 55, 88, 91, 109] (0.974140)
[19, 55, 88, 91, 109, 124] (0.961603)
[19, 55, 88, 91, 109, 124, 127] (0.961603)
[19, 55, 88, 91, 109, 127] (0.972779)
[19, 55, 88, 91, 124] (0.962905)
[19, 55, 88, 91, 124, 127] (0.962905)
[19, 55, 88, 91, 127] (0.974081)
[19, 55, 88, 106] (0.964519)
[19, 55, 88, 106, 109] (0.964519)
[19, 55, 88, 106, 109, 124] (0.951981)
[19, 55, 88, 106, 109, 124, 127] (0.951981)
[19, 55, 88, 106, 109, 127] (0.963157)
[19, 55, 88, 106, 124] (0.951981)
[19, 55, 88, 106, 124, 127] (0.951981)
[19, 55, 88, 106, 127] (0.963157)
[19, 55, 88, 109] (0.974140)
[19, 55, 88, 109, 124] (0.961603)
[19, 55, 88, 109, 124, 127] (0.961603)
[19, 55, 88, 109, 127] (0.972779)
[19, 55, 88, 124] (0.962905)
[19, 55, 88, 124, 127] (0.962905)
[19, 55, 88, 127] (0.974081)
[19, 55, 91] (0.983510)
[19, 55, 91, 106] (0.972586)
[19, 55, 91, 106, 109] (0.972586)
[19, 55, 91, 106, 109, 124] (0.960049)
[19, 55, 91, 106, 109, 124, 127] (0.960049)
[19, 55, 91, 106, 109, 127] (0.971224)
[19, 55, 91, 106, 124] (0.960049)
[19, 55, 91, 106, 124, 127] (0.960049)
[19, 55, 91, 106, 127] (0.971224)
[19, 55, 91, 109] (0.982208)
[19, 55, 91, 109, 124] (0.969670)
[19, 55, 91, 109, 124, 127] (0.969670)
[19, 55, 91, 109, 127] (0.980846)
[19, 55, 91, 124] (0.970973)
[19, 55, 91, 124, 127] (0.970973)
[19, 55, 91, 127] (0.982148)
[19, 55, 106] (0.973830)
[19, 55, 106, 109] (0.973830)
[19, 55, 106, 109, 124] (0.961292)
[19, 55, 106, 109, 124, 127] (0.961292)
[19, 55, 106, 109, 127] (0.972468)
[19, 55, 106, 124] (0.961292)
[19, 55, 106, 124, 127] (0.961292)
[19, 55, 106, 127] (0.972468)
[19, 55, 109] (0.983451)
[19, 55, 109, 124] (0.970913)
[19, 55, 109, 124, 127] (0.970913)
[19, 55, 109, 127] (0.982089)
[19, 55, 124] (0.972216)
[19, 55, 124, 127] (0.972216)
[19, 55, 127] (0.983392)
[19, 72] (0.969907)
[19, 72, 75] (0.969907)
[19, 72, 75, 88] (0.960596)
[19, 72, 75, 88, 91] (0.960596)
[19, 72, 75, 88, 91, 109] (0.959294)
[19, 72, 75, 88, 91, 109, 127] (0.957932)
[19, 72, 75, 88, 91, 127] (0.959234)
[19, 72, 75, 88, 109] (0.959294)
[19, 72, 75, 88, 109, 127] (0.957932)
[19, 72, 75, 88, 127] (0.959234)
[19, 72, 75, 91] (0.968663)
[19, 72, 75, 91, 106] (0.957739)
[19, 72, 75, 91, 106, 109] (0.957739)
[19, 72, 75, 91, 106, 109, 127] (0.956378)
[19, 72, 75, 91, 106, 127] (0.956378)
[19, 72, 75, 91, 109] (0.967361)
[19, 72, 75, 91, 109, 124] (0.954823)
[19, 72, 75, 91, 109, 124, 127] (0.954823)
[19, 72, 75, 91, 109, 127] (0.965999)
[19, 72, 75, 91, 124] (0.956126)
[19, 72, 75, 91, 124, 127] (0.956126)
[19, 72, 75, 91, 127] (0.967302)
[19, 72, 75, 106] (0.958983)
[19, 72, 75, 106, 109] (0.958983)
[19, 72, 75, 106, 109, 127] (0.957621)
[19, 72, 75, 106, 127] (0.957621)
[19, 72, 75, 109] (0.968604)
[19, 72, 75, 109, 124] (0.956067)
[19, 72, 75, 109, 124, 127] (0.956067)
[19, 72, 75, 109, 127] (0.967242)
[19, 72, 75, 124] (0.957369)
[19, 72, 75, 124, 127] (0.957369)
[19, 72, 75, 127] (0.968545)
[19, 72, 88] (0.960596)
[19, 72, 88, 91] (0.960596)
[19, 72, 88, 91, 109] (0.959294)
[19, 72, 88, 91, 109, 127] (0.957932)
[19, 72, 88, 91, 127] (0.959234)
[19, 72, 88, 109] (0.959294)
[19, 72, 88, 109, 127] (0.957932)
[19, 72, 88, 127] (0.959234)
[19, 72, 91] (0.968663)
[19, 72, 91, 106] (0.957739)
[19, 72, 91, 106, 109] (0.957739)
[19, 72, 91, 106, 109, 127] (0.956378)
[19, 72, 91, 106, 127] (0.956378)
[19, 72, 91, 109] (0.967361)
[19, 72, 91, 109, 124] (0.954823)
[19, 72, 91, 109, 124, 127] (0.954823)
[19, 72, 91, 109, 127] (0.965999)
[19, 72, 91, 124] (0.956126)
[19, 72, 91, 124, 127] (0.956126)
[19, 72, 91, 127] (0.967302)
[19, 72, 106] (0.958983)
[19, 72, 106, 109] (0.958983)
[19, 72, 106, 109, 127] (0.957621)
[19, 72, 106, 127] (0.957621)
[19, 72, 109] (0.968604)
[19, 72, 109, 124] (0.956067)
[19, 72, 109, 124, 127] (0.956067)
[19, 72, 109, 127] (0.967242)
[19, 72, 124] (0.957369)
[19, 72, 124, 127] (0.957369)
[19, 72, 127] (0.968545)
[19, 75] (0.987729)
[19, 75, 85] (0.956540)
[19, 75, 85, 88] (0.956540)
[19, 75, 85, 88, 91] (0.956540)
[19, 75, 85, 88, 91, 109] (0.955238)
[19, 75, 85, 88, 91, 109, 127] (0.953876)
[19, 75, 85, 88, 91, 127] (0.955179)
[19, 75, 85, 88, 109] (0.955238)
[19, 75, 85, 88, 109, 127] (0.953876)
[19, 75, 85, 88, 127] (0.955179)
[19, 75, 85, 91] (0.956540)
[19, 75, 85, 91, 109] (0.955238)
[19, 75, 85, 91, 109, 127] (0.953876)
[19, 75, 85, 91, 127] (0.955179)
[19, 75, 85, 109] (0.955238)
[19, 75, 85, 109, 127] (0.953876)
[19, 75, 85, 127] (0.955179)
[19, 75, 88] (0.978418)
[19, 75, 88, 91] (0.978418)
[19, 75, 88, 91, 106] (0.967494)
[19, 75, 88, 91, 106, 109] (0.967494)
[19, 75, 88, 91, 106, 109, 124] (0.954957)
[19, 75, 88, 91, 106, 109, 124, 127] (0.954957)
[19, 75, 88, 91, 106, 109, 127] (0.966132)
[19, 75, 88, 91, 106, 124] (0.954957)
[19, 75, 88, 91, 106, 124, 127] (0.954957)
[19, 75, 88, 91, 106, 127] (0.966132)
[19, 75, 88, 91, 109] (0.977116)
[19, 75, 88, 91, 109, 124] (0.964578)
[19, 75, 88, 91, 109, 124, 127] (0.964578)
[19, 75, 88, 91, 109, 127] (0.975754)
[19, 75, 88, 91, 124] (0.965881)
[19, 75, 88, 91, 124, 127] (0.965881)
[19, 75, 88, 91, 127] (0.977056)
[19, 75, 88, 106] (0.967494)
[19, 75, 88, 106, 109] (0.967494)
[19, 75, 88, 106, 109, 124] (0.954957)
[19, 75, 88, 106, 109, 124, 127] (0.954957)
[19, 75, 88, 106, 109, 127] (0.966132)
[19, 75, 88, 106, 124] (0.954957)
[19, 75, 88, 106, 124, 127] (0.954957)
[19, 75, 88, 106, 127] (0.966132)
[19, 75, 88, 109] (0.977116)
[19, 75, 88, 109, 124] (0.964578)
[19, 75, 88, 109, 124, 127] (0.964578)
[19, 75, 88, 109, 127] (0.975754)
[19, 75, 88, 124] (0.965881)
[19, 75, 88, 124, 127] (0.965881)
[19, 75, 88, 127] (0.977056)
[19, 75, 91] (0.986485)
[19, 75, 91, 106] (0.975561)
[19, 75, 91, 106, 109] (0.975561)
[19, 75, 91, 106, 109, 124] (0.963024)
[19, 75, 91, 106, 109, 124, 127] (0.963024)
[19, 75, 91, 106, 109, 127] (0.974200)
[19, 75, 91, 106, 124] (0.963024)
[19, 75, 91, 106, 124, 127] (0.963024)
[19, 75, 91, 106, 127] (0.974200)
[19, 75, 91, 109] (0.985183)
[19, 75, 91, 109, 124] (0.972645)
[19, 75, 91, 109, 124, 127] (0.972645)
[19, 75, 91, 109, 127] (0.983821)
[19, 75, 91, 124] (0.973948)
[19, 75, 91, 124, 127] (0.973948)
[19, 75, 91, 127] (0.985124)
[19, 75, 106] (0.976805)
[19, 75, 106, 109] (0.976805)
[19, 75, 106, 109, 124] (0.964267)
[19, 75, 106, 109, 124, 127] (0.964267)
[19, 75, 106, 109, 127] (0.975443)
[19, 75, 106, 124] (0.964267)
[19, 75, 106, 124, 127] (0.964267)
[19, 75, 106, 127] (0.975443)
[19, 75, 109] (0.986426)
[19, 75, 109, 124] (0.973889)
[19, 75, 109, 124, 127] (0.973889)
[19, 75, 109, 127] (0.985064)
[19, 75, 124] (0.975191)
[19, 75, 124, 127] (0.975191)
[19, 75, 127] (0.986367)
[19, 85] (0.961159)
[19, 85, 88] (0.961159)
[19, 85, 88, 91] (0.961159)
[19, 85, 88, 91, 106] (0.950235)
[19, 85, 88, 91, 106, 109] (0.950235)
[19, 85, 88, 91, 109] (0.959856)
[19, 85, 88, 91, 109, 127] (0.958494)
[19, 85, 88, 91, 127] (0.959797)
[19, 85, 88, 106] (0.950235)
[19, 85, 88, 106, 109] (0.950235)
[19, 85, 88, 109] (0.959856)
[19, 85, 88, 109, 127] (0.958494)
[19, 85, 88, 127] (0.959797)
[19, 85, 91] (0.961159)
[19, 85, 91, 106] (0.950235)
[19, 85, 91, 106, 109] (0.950235)
[19, 85, 91, 109] (0.959856)
[19, 85, 91, 109, 127] (0.958494)
[19, 85, 91, 127] (0.959797)
[19, 85, 106] (0.950235)
[19, 85, 106, 109] (0.950235)
[19, 85, 109] (0.959856)
[19, 85, 109, 127] (0.958494)
[19, 85, 127] (0.959797)
[19, 88] (0.983037)
[19, 88, 91] (0.983037)
[19, 88, 91, 106] (0.972112)
[19, 88, 91, 106, 109] (0.972112)
[19, 88, 91, 106, 109, 124] (0.959575)
[19, 88, 91, 106, 109, 124, 127] (0.959575)
[19, 88, 91, 106, 109, 127] (0.970751)
[19, 88, 91, 106, 124] (0.959575)
[19, 88, 91, 106, 124, 127] (0.959575)
[19, 88, 91, 106, 127] (0.970751)
[19, 88, 91, 109] (0.981734)
[19, 88, 91, 109, 124] (0.969196)
[19, 88, 91, 109, 124, 127] (0.969196)
[19, 88, 91, 109, 127] (0.980372)
[19, 88, 91, 124] (0.970499)
[19, 88, 91, 124, 127] (0.970499)
[19, 88, 91, 127] (0.981675)
[19, 88, 106] (0.972112)
[19, 88, 106, 109] (0.972112)
[19, 88, 106, 109, 124] (0.959575)
[19, 88, 106, 109, 124, 127] (0.959575)
[19, 88, 106, 109, 127] (0.970751)
[19, 88, 106, 124] (0.959575)
[19, 88, 106, 124, 127] (0.959575)
[19, 88, 106, 127] (0.970751)
[19, 88, 109] (0.981734)
[19, 88, 109, 124] (0.969196)
[19, 88, 109, 124, 127] (0.969196)
[19, 88, 109, 127] (0.980372)
[19, 88, 124] (0.970499)
[19, 88, 124, 127] (0.970499)
[19, 88, 127] (0.981675)
[19, 91] (0.991104)
[19, 91, 103] (0.950871)
[19, 91, 103, 106] (0.950871)
[19, 91, 103, 106, 109] (0.950871)
[19, 91, 103, 109] (0.950871)
[19, 91, 106] (0.980180)
[19, 91, 106, 109] (0.980180)
[19, 91, 106, 109, 124] (0.967642)
[19, 91, 106, 109, 124, 127] (0.967642)
[19, 91, 106, 109, 127] (0.978818)
[19, 91, 106, 124] (0.967642)
[19, 91, 106, 124, 127] (0.967642)
[19, 91, 106, 127] (0.978818)
[19, 91, 109] (0.989801)
[19, 91, 109, 124] (0.977264)
[19, 91, 109, 124, 127] (0.977264)
[19, 91, 109, 127] (0.988439)
[19, 91, 124] (0.978566)
[19, 91, 124, 127] (0.978566)
[19, 91, 127] (0.989742)
[19, 103] (0.952115)
[19, 103, 106] (0.952115)
[19, 103, 106, 109] (0.952115)
[19, 103, 106, 109, 127] (0.950753)
[19, 103, 106, 127] (0.950753)
[19, 103, 109] (0.952115)
[19, 103, 109, 127] (0.950753)
[19, 103, 127] (0.950753)
[19, 106] (0.981423)
[19, 106, 109] (0.981423)
[19, 106, 109, 124] (0.968886)
[19, 106, 109, 124, 127] (0.968886)
[19, 106, 109, 127] (0.980061)
[19, 106, 124] (0.968886)
[19, 106, 124, 127] (0.968886)
[19, 106, 127] (0.980061)
[19, 109] (0.991045)
[19, 109, 124] (0.978507)
[19, 109, 124, 127] (0.978507)
[19, 109, 127] (0.989683)
[19, 124] (0.979810)
[19, 124, 127] (0.979810)
[19, 127] (0.990985)
[34] (0.965170)
[34, 37] (0.965170)
[34, 37, 55] (0.957577)
[34, 37, 55, 75] (0.952958)
[34, 37, 55, 75, 91] (0.951715)
[34, 37, 55, 75, 91, 109] (0.950412)
[34, 37, 55, 75, 91, 127] (0.950353)
[34, 37, 55, 75, 109] (0.951656)
[34, 37, 55, 75, 109, 127] (0.950294)
[34, 37, 55, 75, 127] (0.951596)
[34, 37, 55, 91] (0.956333)
[34, 37, 55, 91, 109] (0.955031)
[34, 37, 55, 91, 109, 127] (0.953669)
[34, 37, 55, 91, 127] (0.954971)
[34, 37, 55, 109] (0.956274)
[34, 37, 55, 109, 127] (0.954912)
[34, 37, 55, 127] (0.956215)
[34, 37, 75] (0.960552)
[34, 37, 75, 88] (0.951241)
[34, 37, 75, 88, 91] (0.951241)
[34, 37, 75, 91] (0.959308)
[34, 37, 75, 91, 109] (0.958006)
[34, 37, 75, 91, 109, 127] (0.956644)
[34, 37, 75, 91, 127] (0.957947)
[34, 37, 75, 109] (0.959249)
[34, 37, 75, 109, 127] (0.957887)
[34, 37, 75, 127] (0.959190)
[34, 37, 88] (0.955859)
[34, 37, 88, 91] (0.955859)
[34, 37, 88, 91, 109] (0.954557)
[34, 37, 88, 91, 109, 127] (0.953195)
[34, 37, 88, 91, 127] (0.954498)
[34, 37, 88, 109] (0.954557)
[34, 37, 88, 109, 127] (0.953195)
[34, 37, 88, 127] (0.954498)
[34, 37, 91] (0.963927)
[34, 37, 91, 106] (0.953003)
[34, 37, 91, 106, 109] (0.953003)
[34, 37, 91, 106, 109, 127] (0.951641)
[34, 37, 91, 106, 127] (0.951641)
[34, 37, 91, 109] (0.962624)
[34, 37, 91, 109, 124] (0.950087)
[34, 37, 91, 109, 124, 127] (0.950087)
[34, 37, 91, 109, 127] (0.961262)
[34, 37, 91, 124] (0.951389)
[34, 37, 91, 124, 127] (0.951389)
[34, 37, 91, 127] (0.962565)
[34, 37, 106] (0.954246)
[34, 37, 106, 109] (0.954246)
[34, 37, 106, 109, 127] (0.952884)
[34, 37, 106, 127] (0.952884)
[34, 37, 109] (0.963868)
[34, 37, 109, 124] (0.951330)
[34, 37, 109, 124, 127] (0.951330)
[34, 37, 109, 127] (0.962506)
[34, 37, 124] (0.952633)
[34, 37, 124, 127] (0.952633)
[34, 37, 127] (0.963808)
[34, 55] (0.957577)
[34, 55, 75] (0.952958)
[34, 55, 75, 91] (0.951715)
[34, 55, 75, 91, 109] (0.950412)
[34, 55, 75, 91, 127] (0.950353)
[34, 55, 75, 109] (0.951656)
[34, 55, 75, 109, 127] (0.950294)
[34, 55, 75, 127] (0.951596)
[34, 55, 91] (0.956333)
[34, 55, 91, 109] (0.955031)
[34, 55, 91, 109, 127] (0.953669)
[34, 55, 91, 127] (0.954971)
[34, 55, 109] (0.956274)
[34, 55, 109, 127] (0.954912)
[34, 55, 127] (0.956215)
[34, 75] (0.960552)
[34, 75, 88] (0.951241)
[34, 75, 88, 91] (0.951241)
[34, 75, 91] (0.959308)
[34, 75, 91, 109] (0.958006)
[34, 75, 91, 109, 127] (0.956644)
[34, 75, 91, 127] (0.957947)
[34, 75, 109] (0.959249)
[34, 75, 109, 127] (0.957887)
[34, 75, 127] (0.959190)
[34, 88] (0.955859)
[34, 88, 91] (0.955859)
[34, 88, 91, 109] (0.954557)
[34, 88, 91, 109, 127] (0.953195)
[34, 88, 91, 127] (0.954498)
[34, 88, 109] (0.954557)
[34, 88, 109, 127] (0.953195)
[34, 88, 127] (0.954498)
[34, 91] (0.963927)
[34, 91, 106] (0.953003)
[34, 91, 106, 109] (0.953003)
[34, 91, 106, 109, 127] (0.951641)
[34, 91, 106, 127] (0.951641)
[34, 91, 109] (0.962624)
[34, 91, 109, 124] (0.950087)
[34, 91, 109, 124, 127] (0.950087)
[34, 91, 109, 127] (0.961262)
[34, 91, 124] (0.951389)
[34, 91, 124, 127] (0.951389)
[34, 91, 127] (0.962565)
[34, 106] (0.954246)
[34, 106, 109] (0.954246)
[34, 106, 109, 127] (0.952884)
[34, 106, 127] (0.952884)
[34, 109] (0.963868)
[34, 109, 124] (0.951330)
[34, 109, 124, 127] (0.951330)
[34, 109, 127] (0.962506)
[34, 124] (0.952633)
[34, 124, 127] (0.952633)
[34, 127] (0.963808)
[37] (0.992377)
[37, 52] (0.956644)
[37, 52, 55] (0.956644)
[37, 52, 55, 75] (0.952026)
[37, 52, 55, 75, 91] (0.950782)
[37, 52, 55, 75, 109] (0.950723)
[37, 52, 55, 75, 127] (0.950664)
[37, 52, 55, 91] (0.955401)
[37, 52, 55, 91, 109] (0.954098)
[37, 52, 55, 91, 109, 127] (0.952736)
[37, 52, 55, 91, 127] (0.954039)
[37, 52, 55, 109] (0.955341)
[37, 52, 55, 109, 127] (0.953980)
[37, 52, 55, 127] (0.955282)
[37, 52, 75] (0.952026)
[37, 52, 75, 91] (0.950782)
[37, 52, 75, 109] (0.950723)
[37, 52, 75, 127] (0.950664)
[37, 52, 91] (0.955401)
[37, 52, 91, 109] (0.954098)
[37, 52, 91, 109, 127] (0.952736)
[37, 52, 91, 127] (0.954039)
[37, 52, 109] (0.955341)
[37, 52, 109, 127] (0.953980)
[37, 52, 127] (0.955282)
[37, 55] (0.984783)
[37, 55, 72] (0.962343)
[37, 55, 72, 75] (0.962343)
[37, 55, 72, 75, 88] (0.953032)
[37, 55, 72, 75, 88, 91] (0.953032)
[37, 55, 72, 75, 88, 91, 109] (0.951730)
[37, 55, 72, 75, 88, 91, 109, 127] (0.950368)
[37, 55, 72, 75, 88, 91, 127] (0.951670)
[37, 55, 72, 75, 88, 109] (0.951730)
[37, 55, 72, 75, 88, 109, 127] (0.950368)
[37, 55, 72, 75, 88, 127] (0.951670)
[37, 55, 72, 75, 91] (0.961100)
[37, 55, 72, 75, 91, 106] (0.950175)
[37, 55, 72, 75, 91, 106, 109] (0.950175)
[37, 55, 72, 75, 91, 109] (0.959797)
[37, 55, 72, 75, 91, 109, 127] (0.958435)
[37, 55, 72, 75, 91, 127] (0.959738)
[37, 55, 72, 75, 106] (0.951419)
[37, 55, 72, 75, 106, 109] (0.951419)
[37, 55, 72, 75, 106, 109, 127] (0.950057)
[37, 55, 72, 75, 106, 127] (0.950057)
[37, 55, 72, 75, 109] (0.961040)
[37, 55, 72, 75, 109, 127] (0.959678)
[37, 55, 72, 75, 127] (0.960981)
[37, 55, 72, 88] (0.953032)
[37, 55, 72, 88, 91] (0.953032)
[37, 55, 72, 88, 91, 109] (0.951730)
[37, 55, 72, 88, 91, 109, 127] (0.950368)
[37, 55, 72, 88, 91, 127] (0.951670)
[37, 55, 72, 88, 109] (0.951730)
[37, 55, 72, 88, 109, 127] (0.950368)
[37, 55, 72, 88, 127] (0.951670)
[37, 55, 72, 91] (0.961100)
[37, 55, 72, 91, 106] (0.950175)
[37, 55, 72, 91, 106, 109] (0.950175)
[37, 55, 72, 91, 109] (0.959797)
[37, 55, 72, 91, 109, 127] (0.958435)
[37, 55, 72, 91, 127] (0.959738)
[37, 55, 72, 106] (0.951419)
[37, 55, 72, 106, 109] (0.951419)
[37, 55, 72, 106, 109, 127] (0.950057)
[37, 55, 72, 106, 127] (0.950057)
[37, 55, 72, 109] (0.961040)
[37, 55, 72, 109, 127] (0.959678)
[37, 55, 72, 127] (0.960981)
[37, 55, 75] (0.980165)
[37, 55, 75, 88] (0.970854)
[37, 55, 75, 88, 91] (0.970854)
[37, 55, 75, 88, 91, 106] (0.959930)
[37, 55, 75, 88, 91, 106, 109] (0.959930)
[37, 55, 75, 88, 91, 106, 109, 127] (0.958568)
[37, 55, 75, 88, 91, 106, 127] (0.958568)
[37, 55, 75, 88, 91, 109] (0.969552)
[37, 55, 75, 88, 91, 109, 124] (0.957014)
[37, 55, 75, 88, 91, 109, 124, 127] (0.957014)
[37, 55, 75, 88, 91, 109, 127] (0.968190)
[37, 55, 75, 88, 91, 124] (0.958317)
[37, 55, 75, 88, 91, 124, 127] (0.958317)
[37, 55, 75, 88, 91, 127] (0.969492)
[37, 55, 75, 88, 106] (0.959930)
[37, 55, 75, 88, 106, 109] (0.959930)
[37, 55, 75, 88, 106, 109, 127] (0.958568)
[37, 55, 75, 88, 106, 127] (0.958568)
[37, 55, 75, 88, 109] (0.969552)
[37, 55, 75, 88, 109, 124] (0.957014)
[37, 55, 75, 88, 109, 124, 127] (0.957014)
[37, 55, 75, 88, 109, 127] (0.968190)
[37, 55, 75, 88, 124] (0.958317)
[37, 55, 75, 88, 124, 127] (0.958317)
[37, 55, 75, 88, 127] (0.969492)
[37, 55, 75, 91] (0.978922)
[37, 55, 75, 91, 106] (0.967997)
[37, 55, 75, 91, 106, 109] (0.967997)
[37, 55, 75, 91, 106, 109, 124] (0.955460)
[37, 55, 75, 91, 106, 109, 124, 127] (0.955460)
[37, 55, 75, 91, 106, 109, 127] (0.966636)
[37, 55, 75, 91, 106, 124] (0.955460)
[37, 55, 75, 91, 106, 124, 127] (0.955460)
[37, 55, 75, 91, 106, 127] (0.966636)
[37, 55, 75, 91, 109] (0.977619)
[37, 55, 75, 91, 109, 124] (0.965081)
[37, 55, 75, 91, 109, 124, 127] (0.965081)
[37, 55, 75, 91, 109, 127] (0.976257)
[37, 55, 75, 91, 124] (0.966384)
[37, 55, 75, 91, 124, 127] (0.966384)
[37, 55, 75, 91, 127] (0.977560)
[37, 55, 75, 106] (0.969241)
[37, 55, 75, 106, 109] (0.969241)
[37, 55, 75, 106, 109, 124] (0.956703)
[37, 55, 75, 106, 109, 124, 127] (0.956703)
[37, 55, 75, 106, 109, 127] (0.967879)
[37, 55, 75, 106, 124] (0.956703)
[37, 55, 75, 106, 124, 127] (0.956703)
[37, 55, 75, 106, 127] (0.967879)
[37, 55, 75, 109] (0.978862)
[37, 55, 75, 109, 124] (0.966325)
[37, 55, 75, 109, 124, 127] (0.966325)
[37, 55, 75, 109, 127] (0.977500)
[37, 55, 75, 124] (0.967627)
[37, 55, 75, 124, 127] (0.967627)
[37, 55, 75, 127] (0.978803)
[37, 55, 85] (0.953595)
[37, 55, 85, 88] (0.953595)
[37, 55, 85, 88, 91] (0.953595)
[37, 55, 85, 88, 91, 109] (0.952292)
[37, 55, 85, 88, 91, 109, 127] (0.950930)
[37, 55, 85, 88, 91, 127] (0.952233)
[37, 55, 85, 88, 109] (0.952292)
[37, 55, 85, 88, 109, 127] (0.950930)
[37, 55, 85, 88, 127] (0.952233)
[37, 55, 85, 91] (0.953595)
[37, 55, 85, 91, 109] (0.952292)
[37, 55, 85, 91, 109, 127] (0.950930)
[37, 55, 85, 91, 127] (0.952233)
[37, 55, 85, 109] (0.952292)
[37, 55, 85, 109, 127] (0.950930)
[37, 55, 85, 127] (0.952233)
[37, 55, 88] (0.975473)
[37, 55, 88, 91] (0.975473)
[37, 55, 88, 91, 106] (0.964548)
[37, 55, 88, 91, 106, 109] (0.964548)
[37, 55, 88, 91, 106, 109, 124] (0.952011)
[37, 55, 88, 91, 106, 109, 124, 127] (0.952011)
[37, 55, 88, 91, 106, 109, 127] (0.963187)
[37, 55, 88, 91, 106, 124] (0.952011)
[37, 55, 88, 91, 106, 124, 127] (0.952011)
[37, 55, 88, 91, 106, 127] (0.963187)
[37, 55, 88, 91, 109] (0.974170)
[37, 55, 88, 91, 109, 124] (0.961632)
[37, 55, 88, 91, 109, 124, 127] (0.961632)
[37, 55, 88, 91, 109, 127] (0.972808)
[37, 55, 88, 91, 124] (0.962935)
[37, 55, 88, 91, 124, 127] (0.962935)
[37, 55, 88, 91, 127] (0.974111)
[37, 55, 88, 106] (0.964548)
[37, 55, 88, 106, 109] (0.964548)
[37, 55, 88, 106, 109, 124] (0.952011)
[37, 55, 88, 106, 109, 124, 127] (0.952011)
[37, 55, 88, 106, 109, 127] (0.963187)
[37, 55, 88, 106, 124] (0.952011)
[37, 55, 88, 106, 124, 127] (0.952011)
[37, 55, 88, 106, 127] (0.963187)
[37, 55, 88, 109] (0.974170)
[37, 55, 88, 109, 124] (0.961632)
[37, 55, 88, 109, 124, 127] (0.961632)
[37, 55, 88, 109, 127] (0.972808)
[37, 55, 88, 124] (0.962935)
[37, 55, 88, 124, 127] (0.962935)
[37, 55, 88, 127] (0.974111)
[37, 55, 91] (0.983540)
[37, 55, 91, 106] (0.972616)
[37, 55, 91, 106, 109] (0.972616)
[37, 55, 91, 106, 109, 124] (0.960078)
[37, 55, 91, 106, 109, 124, 127] (0.960078)
[37, 55, 91, 106, 109, 127] (0.971254)
[37, 55, 91, 106, 124] (0.960078)
[37, 55, 91, 106, 124, 127] (0.960078)
[37, 55, 91, 106, 127] (0.971254)
[37, 55, 91, 109] (0.982237)
[37, 55, 91, 109, 124] (0.969700)
[37, 55, 91, 109, 124, 127] (0.969700)
[37, 55, 91, 109, 127] (0.980875)
[37, 55, 91, 124] (0.971002)
[37, 55, 91, 124, 127] (0.971002)
[37, 55, 91, 127] (0.982178)
[37, 55, 106] (0.973859)
[37, 55, 106, 109] (0.973859)
[37, 55, 106, 109, 124] (0.961322)
[37, 55, 106, 109, 124, 127] (0.961322)
[37, 55, 106, 109, 127] (0.972497)
[37, 55, 106, 124] (0.961322)
[37, 55, 106, 124, 127] (0.961322)
[37, 55, 106, 127] (0.972497)
[37, 55, 109] (0.983481)
[37, 55, 109, 124] (0.970943)
[37, 55, 109, 124, 127] (0.970943)
[37, 55, 109, 127] (0.982119)
[37, 55, 124] (0.972246)
[37, 55, 124, 127] (0.972246)
[37, 55, 127] (0.983421)
[37, 72] (0.969936)
[37, 72, 75] (0.969936)
[37, 72, 75, 88] (0.960626)
[37, 72, 75, 88, 91] (0.960626)
[37, 72, 75, 88, 91, 109] (0.959323)
[37, 72, 75, 88, 91, 109, 127] (0.957961)
[37, 72, 75, 88, 91, 127] (0.959264)
[37, 72, 75, 88, 109] (0.959323)
[37, 72, 75, 88, 109, 127] (0.957961)
[37, 72, 75, 88, 127] (0.959264)
[37, 72, 75, 91] (0.968693)
[37, 72, 75, 91, 106] (0.957769)
[37, 72, 75, 91, 106, 109] (0.957769)
[37, 72, 75, 91, 106, 109, 127] (0.956407)
[37, 72, 75, 91, 106, 127] (0.956407)
[37, 72, 75, 91, 109] (0.967390)
[37, 72, 75, 91, 109, 124] (0.954853)
[37, 72, 75, 91, 109, 124, 127] (0.954853)
[37, 72, 75, 91, 109, 127] (0.966029)
[37, 72, 75, 91, 124] (0.956156)
[37, 72, 75, 91, 124, 127] (0.956156)
[37, 72, 75, 91, 127] (0.967331)
[37, 72, 75, 106] (0.959012)
[37, 72, 75, 106, 109] (0.959012)
[37, 72, 75, 106, 109, 127] (0.957651)
[37, 72, 75, 106, 127] (0.957651)
[37, 72, 75, 109] (0.968634)
[37, 72, 75, 109, 124] (0.956096)
[37, 72, 75, 109, 124, 127] (0.956096)
[37, 72, 75, 109, 127] (0.967272)
[37, 72, 75, 124] (0.957399)
[37, 72, 75, 124, 127] (0.957399)
[37, 72, 75, 127] (0.968575)
[37, 72, 88] (0.960626)
[37, 72, 88, 91] (0.960626)
[37, 72, 88, 91, 109] (0.959323)
[37, 72, 88, 91, 109, 127] (0.957961)
[37, 72, 88, 91, 127] (0.959264)
[37, 72, 88, 109] (0.959323)
[37, 72, 88, 109, 127] (0.957961)
[37, 72, 88, 127] (0.959264)
[37, 72, 91] (0.968693)
[37, 72, 91, 106] (0.957769)
[37, 72, 91, 106, 109] (0.957769)
[37, 72, 91, 106, 109, 127] (0.956407)
[37, 72, 91, 106, 127] (0.956407)
[37, 72, 91, 109] (0.967390)
[37, 72, 91, 109, 124] (0.954853)
[37, 72, 91, 109, 124, 127] (0.954853)
[37, 72, 91, 109, 127] (0.966029)
[37, 72, 91, 124] (0.956156)
[37, 72, 91, 124, 127] (0.956156)
[37, 72, 91, 127] (0.967331)
[37, 72, 106] (0.959012)
[37, 72, 106, 109] (0.959012)
[37, 72, 106, 109, 127] (0.957651)
[37, 72, 106, 127] (0.957651)
[37, 72, 109] (0.968634)
[37, 72, 109, 124] (0.956096)
[37, 72, 109, 124, 127] (0.956096)
[37, 72, 109, 127] (0.967272)
[37, 72, 124] (0.957399)
[37, 72, 124, 127] (0.957399)
[37, 72, 127] (0.968575)
[37, 75] (0.987758)
[37, 75, 85] (0.956570)
[37, 75, 85, 88] (0.956570)
[37, 75, 85, 88, 91] (0.956570)
[37, 75, 85, 88, 91, 109] (0.955267)
[37, 75, 85, 88, 91, 109, 127] (0.953906)
[37, 75, 85, 88, 91, 127] (0.955208)
[37, 75, 85, 88, 109] (0.955267)
[37, 75, 85, 88, 109, 127] (0.953906)
[37, 75, 85, 88, 127] (0.955208)
[37, 75, 85, 91] (0.956570)
[37, 75, 85, 91, 109] (0.955267)
[37, 75, 85, 91, 109, 127] (0.953906)
[37, 75, 85, 91, 127] (0.955208)
[37, 75, 85, 109] (0.955267)
[37, 75, 85, 109, 127] (0.953906)
[37, 75, 85, 127] (0.955208)
[37, 75, 88] (0.978448)
[37, 75, 88, 91] (0.978448)
[37, 75, 88, 91, 106] (0.967524)
[37, 75, 88, 91, 106, 109] (0.967524)
[37, 75, 88, 91, 106, 109, 124] (0.954986)
[37, 75, 88, 91, 106, 109, 124, 127] (0.954986)
[37, 75, 88, 91, 106, 109, 127] (0.966162)
[37, 75, 88, 91, 106, 124] (0.954986)
[37, 75, 88, 91, 106, 124, 127] (0.954986)
[37, 75, 88, 91, 106, 127] (0.966162)
[37, 75, 88, 91, 109] (0.977145)
[37, 75, 88, 91, 109, 124] (0.964608)
[37, 75, 88, 91, 109, 124, 127] (0.964608)
[37, 75, 88, 91, 109, 127] (0.975783)
[37, 75, 88, 91, 124] (0.965910)
[37, 75, 88, 91, 124, 127] (0.965910)
[37, 75, 88, 91, 127] (0.977086)
[37, 75, 88, 106] (0.967524)
[37, 75, 88, 106, 109] (0.967524)
[37, 75, 88, 106, 109, 124] (0.954986)
[37, 75, 88, 106, 109, 124, 127] (0.954986)
[37, 75, 88, 106, 109, 127] (0.966162)
[37, 75, 88, 106, 124] (0.954986)
[37, 75, 88, 106, 124, 127] (0.954986)
[37, 75, 88, 106, 127] (0.966162)
[37, 75, 88, 109] (0.977145)
[37, 75, 88, 109, 124] (0.964608)
[37, 75, 88, 109, 124, 127] (0.964608)
[37, 75, 88, 109, 127] (0.975783)
[37, 75, 88, 124] (0.965910)
[37, 75, 88, 124, 127] (0.965910)
[37, 75, 88, 127] (0.977086)
[37, 75, 91] (0.986515)
[37, 75, 91, 106] (0.975591)
[37, 75, 91, 106, 109] (0.975591)
[37, 75, 91, 106, 109, 124] (0.963053)
[37, 75, 91, 106, 109, 124, 127] (0.963053)
[37, 75, 91, 106, 109, 127] (0.974229)
[37, 75, 91, 106, 124] (0.963053)
[37, 75, 91, 106, 124, 127] (0.963053)
[37, 75, 91, 106, 127] (0.974229)
[37, 75, 91, 109] (0.985212)
[37, 75, 91, 109, 124] (0.972675)
[37, 75, 91, 109, 124, 127] (0.972675)
[37, 75, 91, 109, 127] (0.983851)
[37, 75, 91, 124] (0.973978)
[37, 75, 91, 124, 127] (0.973978)
[37, 75, 91, 127] (0.985153)
[37, 75, 106] (0.976834)
[37, 75, 106, 109] (0.976834)
[37, 75, 106, 109, 124] (0.964297)
[37, 75, 106, 109, 124, 127] (0.964297)
[37, 75, 106, 109, 127] (0.975473)
[37, 75, 106, 124] (0.964297)
[37, 75, 106, 124, 127] (0.964297)
[37, 75, 106, 127] (0.975473)
[37, 75, 109] (0.986456)
[37, 75, 109, 124] (0.973918)
[37, 75, 109, 124, 127] (0.973918)
[37, 75, 109, 127] (0.985094)
[37, 75, 124] (0.975221)
[37, 75, 124, 127] (0.975221)
[37, 75, 127] (0.986397)
[37, 85] (0.961188)
[37, 85, 88] (0.961188)
[37, 85, 88, 91] (0.961188)
[37, 85, 88, 91, 106] (0.950264)
[37, 85, 88, 91, 106, 109] (0.950264)
[37, 85, 88, 91, 109] (0.959886)
[37, 85, 88, 91, 109, 127] (0.958524)
[37, 85, 88, 91, 127] (0.959827)
[37, 85, 88, 106] (0.950264)
[37, 85, 88, 106, 109] (0.950264)
[37, 85, 88, 109] (0.959886)
[37, 85, 88, 109, 127] (0.958524)
[37, 85, 88, 127] (0.959827)
[37, 85, 91] (0.961188)
[37, 85, 91, 106] (0.950264)
[37, 85, 91, 106, 109] (0.950264)
[37, 85, 91, 109] (0.959886)
[37, 85, 91, 109, 127] (0.958524)
[37, 85, 91, 127] (0.959827)
[37, 85, 106] (0.950264)
[37, 85, 106, 109] (0.950264)
[37, 85, 109] (0.959886)
[37, 85, 109, 127] (0.958524)
[37, 85, 127] (0.959827)
[37, 88] (0.983066)
[37, 88, 91] (0.983066)
[37, 88, 91, 106] (0.972142)
[37, 88, 91, 106, 109] (0.972142)
[37, 88, 91, 106, 109, 124] (0.959604)
[37, 88, 91, 106, 109, 124, 127] (0.959604)
[37, 88, 91, 106, 109, 127] (0.970780)
[37, 88, 91, 106, 124] (0.959604)
[37, 88, 91, 106, 124, 127] (0.959604)
[37, 88, 91, 106, 127] (0.970780)
[37, 88, 91, 109] (0.981764)
[37, 88, 91, 109, 124] (0.969226)
[37, 88, 91, 109, 124, 127] (0.969226)
[37, 88, 91, 109, 127] (0.980402)
[37, 88, 91, 124] (0.970529)
[37, 88, 91, 124, 127] (0.970529)
[37, 88, 91, 127] (0.981704)
[37, 88, 106] (0.972142)
[37, 88, 106, 109] (0.972142)
[37, 88, 106, 109, 124] (0.959604)
[37, 88, 106, 109, 124, 127] (0.959604)
[37, 88, 106, 109, 127] (0.970780)
[37, 88, 106, 124] (0.959604)
[37, 88, 106, 124, 127] (0.959604)
[37, 88, 106, 127] (0.970780)
[37, 88, 109] (0.981764)
[37, 88, 109, 124] (0.969226)
[37, 88, 109, 124, 127] (0.969226)
[37, 88, 109, 127] (0.980402)
[37, 88, 124] (0.970529)
[37, 88, 124, 127] (0.970529)
[37, 88, 127] (0.981704)
[37, 91] (0.991133)
[37, 91, 103] (0.950901)
[37, 91, 103, 106] (0.950901)
[37, 91, 103, 106, 109] (0.950901)
[37, 91, 103, 109] (0.950901)
[37, 91, 106] (0.980209)
[37, 91, 106, 109] (0.980209)
[37, 91, 106, 109, 124] (0.967672)
[37, 91, 106, 109, 124, 127] (0.967672)
[37, 91, 106, 109, 127] (0.978847)
[37, 91, 106, 124] (0.967672)
[37, 91, 106, 124, 127] (0.967672)
[37, 91, 106, 127] (0.978847)
[37, 91, 109] (0.989831)
[37, 91, 109, 124] (0.977293)
[37, 91, 109, 124, 127] (0.977293)
[37, 91, 109, 127] (0.988469)
[37, 91, 124] (0.978596)
[37, 91, 124, 127] (0.978596)
[37, 91, 127] (0.989772)
[37, 103] (0.952144)
[37, 103, 106] (0.952144)
[37, 103, 106, 109] (0.952144)
[37, 103, 106, 109, 127] (0.950782)
[37, 103, 106, 127] (0.950782)
[37, 103, 109] (0.952144)
[37, 103, 109, 127] (0.950782)
[37, 103, 127] (0.950782)
[37, 106] (0.981453)
[37, 106, 109] (0.981453)
[37, 106, 109, 124] (0.968915)
[37, 106, 109, 124, 127] (0.968915)
[37, 106, 109, 127] (0.980091)
[37, 106, 124] (0.968915)
[37, 106, 124, 127] (0.968915)
[37, 106, 127] (0.980091)
[37, 109] (0.991074)
[37, 109, 124] (0.978537)
[37, 109, 124, 127] (0.978537)
[37, 109, 127] (0.989712)
[37, 124] (0.979839)
[37, 124, 127] (0.979839)
[37, 127] (0.991015)
[52] (0.964267)
[52, 55] (0.964267)
[52, 55, 75] (0.959649)
[52, 55, 75, 88] (0.950338)
[52, 55, 75, 88, 91] (0.950338)
[52, 55, 75, 91] (0.958405)
[52, 55, 75, 91, 109] (0.957103)
[52, 55, 75, 91, 109, 127] (0.955741)
[52, 55, 75, 91, 127] (0.957044)
[52, 55, 75, 109] (0.958346)
[52, 55, 75, 109, 127] (0.956984)
[52, 55, 75, 127] (0.958287)
[52, 55, 88] (0.954957)
[52, 55, 88, 91] (0.954957)
[52, 55, 88, 91, 109] (0.953654)
[52, 55, 88, 91, 109, 127] (0.952292)
[52, 55, 88, 91, 127] (0.953595)
[52, 55, 88, 109] (0.953654)
[52, 55, 88, 109, 127] (0.952292)
[52, 55, 88, 127] (0.953595)
[52, 55, 91] (0.963024)
[52, 55, 91, 106] (0.952100)
[52, 55, 91, 106, 109] (0.952100)
[52, 55, 91, 106, 109, 127] (0.950738)
[52, 55, 91, 106, 127] (0.950738)
[52, 55, 91, 109] (0.961721)
[52, 55, 91, 109, 127] (0.960359)
[52, 55, 91, 124] (0.950486)
[52, 55, 91, 124, 127] (0.950486)
[52, 55, 91, 127] (0.961662)
[52, 55, 106] (0.953343)
[52, 55, 106, 109] (0.953343)
[52, 55, 106, 109, 127] (0.951981)
[52, 55, 106, 127] (0.951981)
[52, 55, 109] (0.962965)
[52, 55, 109, 124] (0.950427)
[52, 55, 109, 124, 127] (0.950427)
[52, 55, 109, 127] (0.961603)
[52, 55, 124] (0.951730)
[52, 55, 124, 127] (0.951730)
[52, 55, 127] (0.962905)
[52, 75] (0.959649)
[52, 75, 88] (0.950338)
[52, 75, 88, 91] (0.950338)
[52, 75, 91] (0.958405)
[52, 75, 91, 109] (0.957103)
[52, 75, 91, 109, 127] (0.955741)
[52, 75, 91, 127] (0.957044)
[52, 75, 109] (0.958346)
[52, 75, 109, 127] (0.956984)
[52, 75, 127] (0.958287)
[52, 88] (0.954957)
[52, 88, 91] (0.954957)
[52, 88, 91, 109] (0.953654)
[52, 88, 91, 109, 127] (0.952292)
[52, 88, 91, 127] (0.953595)
[52, 88, 109] (0.953654)
[52, 88, 109, 127] (0.952292)
[52, 88, 127] (0.953595)
[52, 91] (0.963024)
[52, 91, 106] (0.952100)
[52, 91, 106, 109] (0.952100)
[52, 91, 106, 109, 127] (0.950738)
[52, 91, 106, 127] (0.950738)
[52, 91, 109] (0.961721)
[52, 91, 109, 127] (0.960359)
[52, 91, 124] (0.950486)
[52, 91, 124, 127] (0.950486)
[52, 91, 127] (0.961662)
[52, 106] (0.953343)
[52, 106, 109] (0.953343)
[52, 106, 109, 127] (0.951981)
[52, 106, 127] (0.951981)
[52, 109] (0.962965)
[52, 109, 124] (0.950427)
[52, 109, 124, 127] (0.950427)
[52, 109, 127] (0.961603)
[52, 124] (0.951730)
[52, 124, 127] (0.951730)
[52, 127] (0.962905)
[55] (0.992406)
[55, 72] (0.969966)
[55, 72, 75] (0.969966)
[55, 72, 75, 88] (0.960655)
[55, 72, 75, 88, 91] (0.960655)
[55, 72, 75, 88, 91, 109] (0.959353)
[55, 72, 75, 88, 91, 109, 127] (0.957991)
[55, 72, 75, 88, 91, 127] (0.959294)
[55, 72, 75, 88, 109] (0.959353)
[55, 72, 75, 88, 109, 127] (0.957991)
[55, 72, 75, 88, 127] (0.959294)
[55, 72, 75, 91] (0.968723)
[55, 72, 75, 91, 106] (0.957799)
[55, 72, 75, 91, 106, 109] (0.957799)
[55, 72, 75, 91, 106, 109, 127] (0.956437)
[55, 72, 75, 91, 106, 127] (0.956437)
[55, 72, 75, 91, 109] (0.967420)
[55, 72, 75, 91, 109, 124] (0.954883)
[55, 72, 75, 91, 109, 124, 127] (0.954883)
[55, 72, 75, 91, 109, 127] (0.966058)
[55, 72, 75, 91, 124] (0.956185)
[55, 72, 75, 91, 124, 127] (0.956185)
[55, 72, 75, 91, 127] (0.967361)
[55, 72, 75, 106] (0.959042)
[55, 72, 75, 106, 109] (0.959042)
[55, 72, 75, 106, 109, 127] (0.957680)
[55, 72, 75, 106, 127] (0.957680)
[55, 72, 75, 109] (0.968663)
[55, 72, 75, 109, 124] (0.956126)
[55, 72, 75, 109, 124, 127] (0.956126)
[55, 72, 75, 109, 127] (0.967302)
[55, 72, 75, 124] (0.957429)
[55, 72, 75, 124, 127] (0.957429)
[55, 72, 75, 127] (0.968604)
[55, 72, 88] (0.960655)
[55, 72, 88, 91] (0.960655)
[55, 72, 88, 91, 109] (0.959353)
[55, 72, 88, 91, 109, 127] (0.957991)
[55, 72, 88, 91, 127] (0.959294)
[55, 72, 88, 109] (0.959353)
[55, 72, 88, 109, 127] (0.957991)
[55, 72, 88, 127] (0.959294)
[55, 72, 91] (0.968723)
[55, 72, 91, 106] (0.957799)
[55, 72, 91, 106, 109] (0.957799)
[55, 72, 91, 106, 109, 127] (0.956437)
[55, 72, 91, 106, 127] (0.956437)
[55, 72, 91, 109] (0.967420)
[55, 72, 91, 109, 124] (0.954883)
[55, 72, 91, 109, 124, 127] (0.954883)
[55, 72, 91, 109, 127] (0.966058)
[55, 72, 91, 124] (0.956185)
[55, 72, 91, 124, 127] (0.956185)
[55, 72, 91, 127] (0.967361)
[55, 72, 106] (0.959042)
[55, 72, 106, 109] (0.959042)
[55, 72, 106, 109, 127] (0.957680)
[55, 72, 106, 127] (0.957680)
[55, 72, 109] (0.968663)
[55, 72, 109, 124] (0.956126)
[55, 72, 109, 124, 127] (0.956126)
[55, 72, 109, 127] (0.967302)
[55, 72, 124] (0.957429)
[55, 72, 124, 127] (0.957429)
[55, 72, 127] (0.968604)
[55, 75] (0.987788)
[55, 75, 85] (0.956600)
[55, 75, 85, 88] (0.956600)
[55, 75, 85, 88, 91] (0.956600)
[55, 75, 85, 88, 91, 109] (0.955297)
[55, 75, 85, 88, 91, 109, 127] (0.953935)
[55, 75, 85, 88, 91, 127] (0.955238)
[55, 75, 85, 88, 109] (0.955297)
[55, 75, 85, 88, 109, 127] (0.953935)
[55, 75, 85, 88, 127] (0.955238)
[55, 75, 85, 91] (0.956600)
[55, 75, 85, 91, 109] (0.955297)
[55, 75, 85, 91, 109, 127] (0.953935)
[55, 75, 85, 91, 127] (0.955238)
[55, 75, 85, 109] (0.955297)
[55, 75, 85, 109, 127] (0.953935)
[55, 75, 85, 127] (0.955238)
[55, 75, 88] (0.978477)
[55, 75, 88, 91] (0.978477)
[55, 75, 88, 91, 106] (0.967553)
[55, 75, 88, 91, 106, 109] (0.967553)
[55, 75, 88, 91, 106, 109, 124] (0.955016)
[55, 75, 88, 91, 106, 109, 124, 127] (0.955016)
[55, 75, 88, 91, 106, 109, 127] (0.966192)
[55, 75, 88, 91, 106, 124] (0.955016)
[55, 75, 88, 91, 106, 124, 127] (0.955016)
[55, 75, 88, 91, 106, 127] (0.966192)
[55, 75, 88, 91, 109] (0.977175)
[55, 75, 88, 91, 109, 124] (0.964637)
[55, 75, 88, 91, 109, 124, 127] (0.964637)
[55, 75, 88, 91, 109, 127] (0.975813)
[55, 75, 88, 91, 124] (0.965940)
[55, 75, 88, 91, 124, 127] (0.965940)
[55, 75, 88, 91, 127] (0.977116)
[55, 75, 88, 106] (0.967553)
[55, 75, 88, 106, 109] (0.967553)
[55, 75, 88, 106, 109, 124] (0.955016)
[55, 75, 88, 106, 109, 124, 127] (0.955016)
[55, 75, 88, 106, 109, 127] (0.966192)
[55, 75, 88, 106, 124] (0.955016)
[55, 75, 88, 106, 124, 127] (0.955016)
[55, 75, 88, 106, 127] (0.966192)
[55, 75, 88, 109] (0.977175)
[55, 75, 88, 109, 124] (0.964637)
[55, 75, 88, 109, 124, 127] (0.964637)
[55, 75, 88, 109, 127] (0.975813)
[55, 75, 88, 124] (0.965940)
[55, 75, 88, 124, 127] (0.965940)
[55, 75, 88, 127] (0.977116)
[55, 75, 91] (0.986545)
[55, 75, 91, 106] (0.975621)
[55, 75, 91, 106, 109] (0.975621)
[55, 75, 91, 106, 109, 124] (0.963083)
[55, 75, 91, 106, 109, 124, 127] (0.963083)
[55, 75, 91, 106, 109, 127] (0.974259)
[55, 75, 91, 106, 124] (0.963083)
[55, 75, 91, 106, 124, 127] (0.963083)
[55, 75, 91, 106, 127] (0.974259)
[55, 75, 91, 109] (0.985242)
[55, 75, 91, 109, 124] (0.972705)
[55, 75, 91, 109, 124, 127] (0.972705)
[55, 75, 91, 109, 127] (0.983880)
[55, 75, 91, 124] (0.974007)
[55, 75, 91, 124, 127] (0.974007)
[55, 75, 91, 127] (0.985183)
[55, 75, 106] (0.976864)
[55, 75, 106, 109] (0.976864)
[55, 75, 106, 109, 124] (0.964326)
[55, 75, 106, 109, 124, 127] (0.964326)
[55, 75, 106, 109, 127] (0.975502)
[55, 75, 106, 124] (0.964326)
[55, 75, 106, 124, 127] (0.964326)
[55, 75, 106, 127] (0.975502)
[55, 75, 109] (0.986485)
[55, 75, 109, 124] (0.973948)
[55, 75, 109, 124, 127] (0.973948)
[55, 75, 109, 127] (0.985124)
[55, 75, 124] (0.975251)
[55, 75, 124, 127] (0.975251)
[55, 75, 127] (0.986426)
[55, 85] (0.961218)
[55, 85, 88] (0.961218)
[55, 85, 88, 91] (0.961218)
[55, 85, 88, 91, 106] (0.950294)
[55, 85, 88, 91, 106, 109] (0.950294)
[55, 85, 88, 91, 109] (0.959915)
[55, 85, 88, 91, 109, 127] (0.958554)
[55, 85, 88, 91, 127] (0.959856)
[55, 85, 88, 106] (0.950294)
[55, 85, 88, 106, 109] (0.950294)
[55, 85, 88, 109] (0.959915)
[55, 85, 88, 109, 127] (0.958554)
[55, 85, 88, 127] (0.959856)
[55, 85, 91] (0.961218)
[55, 85, 91, 106] (0.950294)
[55, 85, 91, 106, 109] (0.950294)
[55, 85, 91, 109] (0.959915)
[55, 85, 91, 109, 127] (0.958554)
[55, 85, 91, 127] (0.959856)
[55, 85, 106] (0.950294)
[55, 85, 106, 109] (0.950294)
[55, 85, 109] (0.959915)
[55, 85, 109, 127] (0.958554)
[55, 85, 127] (0.959856)
[55, 88] (0.983096)
[55, 88, 91] (0.983096)
[55, 88, 91, 106] (0.972172)
[55, 88, 91, 106, 109] (0.972172)
[55, 88, 91, 106, 109, 124] (0.959634)
[55, 88, 91, 106, 109, 124, 127] (0.959634)
[55, 88, 91, 106, 109, 127] (0.970810)
[55, 88, 91, 106, 124] (0.959634)
[55, 88, 91, 106, 124, 127] (0.959634)
[55, 88, 91, 106, 127] (0.970810)
[55, 88, 91, 109] (0.981793)
[55, 88, 91, 109, 124] (0.969256)
[55, 88, 91, 109, 124, 127] (0.969256)
[55, 88, 91, 109, 127] (0.980431)
[55, 88, 91, 124] (0.970558)
[55, 88, 91, 124, 127] (0.970558)
[55, 88, 91, 127] (0.981734)
[55, 88, 106] (0.972172)
[55, 88, 106, 109] (0.972172)
[55, 88, 106, 109, 124] (0.959634)
[55, 88, 106, 109, 124, 127] (0.959634)
[55, 88, 106, 109, 127] (0.970810)
[55, 88, 106, 124] (0.959634)
[55, 88, 106, 124, 127] (0.959634)
[55, 88, 106, 127] (0.970810)
[55, 88, 109] (0.981793)
[55, 88, 109, 124] (0.969256)
[55, 88, 109, 124, 127] (0.969256)
[55, 88, 109, 127] (0.980431)
[55, 88, 124] (0.970558)
[55, 88, 124, 127] (0.970558)
[55, 88, 127] (0.981734)
[55, 91] (0.991163)
[55, 91, 103] (0.950930)
[55, 91, 103, 106] (0.950930)
[55, 91, 103, 106, 109] (0.950930)
[55, 91, 103, 109] (0.950930)
[55, 91, 106] (0.980239)
[55, 91, 106, 109] (0.980239)
[55, 91, 106, 109, 124] (0.967701)
[55, 91, 106, 109, 124, 127] (0.967701)
[55, 91, 106, 109, 127] (0.978877)
[55, 91, 106, 124] (0.967701)
[55, 91, 106, 124, 127] (0.967701)
[55, 91, 106, 127] (0.978877)
[55, 91, 109] (0.989860)
[55, 91, 109, 124] (0.977323)
[55, 91, 109, 124, 127] (0.977323)
[55, 91, 109, 127] (0.988499)
[55, 91, 124] (0.978625)
[55, 91, 124, 127] (0.978625)
[55, 91, 127] (0.989801)
[55, 103] (0.952174)
[55, 103, 106] (0.952174)
[55, 103, 106, 109] (0.952174)
[55, 103, 106, 109, 127] (0.950812)
[55, 103, 106, 127] (0.950812)
[55, 103, 109] (0.952174)
[55, 103, 109, 127] (0.950812)
[55, 103, 127] (0.950812)
[55, 106] (0.981482)
[55, 106, 109] (0.981482)
[55, 106, 109, 124] (0.968945)
[55, 106, 109, 124, 127] (0.968945)
[55, 106, 109, 127] (0.980120)
[55, 106, 124] (0.968945)
[55, 106, 124, 127] (0.968945)
[55, 106, 127] (0.980120)
[55, 109] (0.991104)
[55, 109, 124] (0.978566)
[55, 109, 124, 127] (0.978566)
[55, 109, 127] (0.989742)
[55, 124] (0.979869)
[55, 124, 127] (0.979869)
[55, 127] (0.991045)
[72] (0.977560)
[72, 75] (0.977560)
[72, 75, 88] (0.968249)
[72, 75, 88, 91] (0.968249)
[72, 75, 88, 91, 106] (0.957325)
[72, 75, 88, 91, 106, 109] (0.957325)
[72, 75, 88, 91, 106, 109, 127] (0.955963)
[72, 75, 88, 91, 106, 127] (0.955963)
[72, 75, 88, 91, 109] (0.966946)
[72, 75, 88, 91, 109, 124] (0.954409)
[72, 75, 88, 91, 109, 124, 127] (0.954409)
[72, 75, 88, 91, 109, 127] (0.965585)
[72, 75, 88, 91, 124] (0.955711)
[72, 75, 88, 91, 124, 127] (0.955711)
[72, 75, 88, 91, 127] (0.966887)
[72, 75, 88, 106] (0.957325)
[72, 75, 88, 106, 109] (0.957325)
[72, 75, 88, 106, 109, 127] (0.955963)
[72, 75, 88, 106, 127] (0.955963)
[72, 75, 88, 109] (0.966946)
[72, 75, 88, 109, 124] (0.954409)
[72, 75, 88, 109, 124, 127] (0.954409)
[72, 75, 88, 109, 127] (0.965585)
[72, 75, 88, 124] (0.955711)
[72, 75, 88, 124, 127] (0.955711)
[72, 75, 88, 127] (0.966887)
[72, 75, 91] (0.976316)
[72, 75, 91, 106] (0.965392)
[72, 75, 91, 106, 109] (0.965392)
[72, 75, 91, 106, 109, 124] (0.952855)
[72, 75, 91, 106, 109, 124, 127] (0.952855)
[72, 75, 91, 106, 109, 127] (0.964030)
[72, 75, 91, 106, 124] (0.952855)
[72, 75, 91, 106, 124, 127] (0.952855)
[72, 75, 91, 106, 127] (0.964030)
[72, 75, 91, 109] (0.975014)
[72, 75, 91, 109, 124] (0.962476)
[72, 75, 91, 109, 124, 127] (0.962476)
[72, 75, 91, 109, 127] (0.973652)
[72, 75, 91, 124] (0.963779)
[72, 75, 91, 124, 127] (0.963779)
[72, 75, 91, 127] (0.974954)
[72, 75, 106] (0.966636)
[72, 75, 106, 109] (0.966636)
[72, 75, 106, 109, 124] (0.954098)
[72, 75, 106, 109, 124, 127] (0.954098)
[72, 75, 106, 109, 127] (0.965274)
[72, 75, 106, 124] (0.954098)
[72, 75, 106, 124, 127] (0.954098)
[72, 75, 106, 127] (0.965274)
[72, 75, 109] (0.976257)
[72, 75, 109, 124] (0.963720)
[72, 75, 109, 124, 127] (0.963720)
[72, 75, 109, 127] (0.974895)
[72, 75, 124] (0.965022)
[72, 75, 124, 127] (0.965022)
[72, 75, 127] (0.976198)
[72, 88] (0.968249)
[72, 88, 91] (0.968249)
[72, 88, 91, 106] (0.957325)
[72, 88, 91, 106, 109] (0.957325)
[72, 88, 91, 106, 109, 127] (0.955963)
[72, 88, 91, 106, 127] (0.955963)
[72, 88, 91, 109] (0.966946)
[72, 88, 91, 109, 124] (0.954409)
[72, 88, 91, 109, 124, 127] (0.954409)
[72, 88, 91, 109, 127] (0.965585)
[72, 88, 91, 124] (0.955711)
[72, 88, 91, 124, 127] (0.955711)
[72, 88, 91, 127] (0.966887)
[72, 88, 106] (0.957325)
[72, 88, 106, 109] (0.957325)
[72, 88, 106, 109, 127] (0.955963)
[72, 88, 106, 127] (0.955963)
[72, 88, 109] (0.966946)
[72, 88, 109, 124] (0.954409)
[72, 88, 109, 124, 127] (0.954409)
[72, 88, 109, 127] (0.965585)
[72, 88, 124] (0.955711)
[72, 88, 124, 127] (0.955711)
[72, 88, 127] (0.966887)
[72, 91] (0.976316)
[72, 91, 106] (0.965392)
[72, 91, 106, 109] (0.965392)
[72, 91, 106, 109, 124] (0.952855)
[72, 91, 106, 109, 124, 127] (0.952855)
[72, 91, 106, 109, 127] (0.964030)
[72, 91, 106, 124] (0.952855)
[72, 91, 106, 124, 127] (0.952855)
[72, 91, 106, 127] (0.964030)
[72, 91, 109] (0.975014)
[72, 91, 109, 124] (0.962476)
[72, 91, 109, 124, 127] (0.962476)
[72, 91, 109, 127] (0.973652)
[72, 91, 124] (0.963779)
[72, 91, 124, 127] (0.963779)
[72, 91, 127] (0.974954)
[72, 106] (0.966636)
[72, 106, 109] (0.966636)
[72, 106, 109, 124] (0.954098)
[72, 106, 109, 124, 127] (0.954098)
[72, 106, 109, 127] (0.965274)
[72, 106, 124] (0.954098)
[72, 106, 124, 127] (0.954098)
[72, 106, 127] (0.965274)
[72, 109] (0.976257)
[72, 109, 124] (0.963720)
[72, 109, 124, 127] (0.963720)
[72, 109, 127] (0.974895)
[72, 124] (0.965022)
[72, 124, 127] (0.965022)
[72, 127] (0.976198)
[75] (0.995382)
[75, 85] (0.964193)
[75, 85, 88] (0.964193)
[75, 85, 88, 91] (0.964193)
[75, 85, 88, 91, 106] (0.953269)
[75, 85, 88, 91, 106, 109] (0.953269)
[75, 85, 88, 91, 106, 109, 127] (0.951907)
[75, 85, 88, 91, 106, 127] (0.951907)
[75, 85, 88, 91, 109] (0.962891)
[75, 85, 88, 91, 109, 124] (0.950353)
[75, 85, 88, 91, 109, 124, 127] (0.950353)
[75, 85, 88, 91, 109, 127] (0.961529)
[75, 85, 88, 91, 124] (0.951656)
[75, 85, 88, 91, 124, 127] (0.951656)
[75, 85, 88, 91, 127] (0.962831)
[75, 85, 88, 106] (0.953269)
[75, 85, 88, 106, 109] (0.953269)
[75, 85, 88, 106, 109, 127] (0.951907)
[75, 85, 88, 106, 127] (0.951907)
[75, 85, 88, 109] (0.962891)
[75, 85, 88, 109, 124] (0.950353)
[75, 85, 88, 109, 124, 127] (0.950353)
[75, 85, 88, 109, 127] (0.961529)
[75, 85, 88, 124] (0.951656)
[75, 85, 88, 124, 127] (0.951656)
[75, 85, 88, 127] (0.962831)
[75, 85, 91] (0.964193)
[75, 85, 91, 106] (0.953269)
[75, 85, 91, 106, 109] (0.953269)
[75, 85, 91, 106, 109, 127] (0.951907)
[75, 85, 91, 106, 127] (0.951907)
[75, 85, 91, 109] (0.962891)
[75, 85, 91, 109, 124] (0.950353)
[75, 85, 91, 109, 124, 127] (0.950353)
[75, 85, 91, 109, 127] (0.961529)
[75, 85, 91, 124] (0.951656)
[75, 85, 91, 124, 127] (0.951656)
[75, 85, 91, 127] (0.962831)
[75, 85, 106] (0.953269)
[75, 85, 106, 109] (0.953269)
[75, 85, 106, 109, 127] (0.951907)
[75, 85, 106, 127] (0.951907)
[75, 85, 109] (0.962891)
[75, 85, 109, 124] (0.950353)
[75, 85, 109, 124, 127] (0.950353)
[75, 85, 109, 127] (0.961529)
[75, 85, 124] (0.951656)
[75, 85, 124, 127] (0.951656)
[75, 85, 127] (0.962831)
[75, 88] (0.986071)
[75, 88, 91] (0.986071)
[75, 88, 91, 106] (0.975147)
[75, 88, 91, 106, 109] (0.975147)
[75, 88, 91, 106, 109, 124] (0.962609)
[75, 88, 91, 106, 109, 124, 127] (0.962609)
[75, 88, 91, 106, 109, 127] (0.973785)
[75, 88, 91, 106, 124] (0.962609)
[75, 88, 91, 106, 124, 127] (0.962609)
[75, 88, 91, 106, 127] (0.973785)
[75, 88, 91, 109] (0.984768)
[75, 88, 91, 109, 124] (0.972231)
[75, 88, 91, 109, 124, 127] (0.972231)
[75, 88, 91, 109, 127] (0.983407)
[75, 88, 91, 124] (0.973533)
[75, 88, 91, 124, 127] (0.973533)
[75, 88, 91, 127] (0.984709)
[75, 88, 106] (0.975147)
[75, 88, 106, 109] (0.975147)
[75, 88, 106, 109, 124] (0.962609)
[75, 88, 106, 109, 124, 127] (0.962609)
[75, 88, 106, 109, 127] (0.973785)
[75, 88, 106, 124] (0.962609)
[75, 88, 106, 124, 127] (0.962609)
[75, 88, 106, 127] (0.973785)
[75, 88, 109] (0.984768)
[75, 88, 109, 124] (0.972231)
[75, 88, 109, 124, 127] (0.972231)
[75, 88, 109, 127] (0.983407)
[75, 88, 124] (0.973533)
[75, 88, 124, 127] (0.973533)
[75, 88, 127] (0.984709)
[75, 91] (0.994138)
[75, 91, 103] (0.953906)
[75, 91, 103, 106] (0.953906)
[75, 91, 103, 106, 109] (0.953906)
[75, 91, 103, 106, 109, 127] (0.952544)
[75, 91, 103, 106, 127] (0.952544)
[75, 91, 103, 109] (0.953906)
[75, 91, 103, 109, 127] (0.952544)
[75, 91, 103, 127] (0.952544)
[75, 91, 106] (0.983214)
[75, 91, 106, 109] (0.983214)
[75, 91, 106, 109, 124] (0.970677)
[75, 91, 106, 109, 124, 127] (0.970677)
[75, 91, 106, 109, 127] (0.981852)
[75, 91, 106, 124] (0.970677)
[75, 91, 106, 124, 127] (0.970677)
[75, 91, 106, 127] (0.981852)
[75, 91, 109] (0.992836)
[75, 91, 109, 124] (0.980298)
[75, 91, 109, 124, 127] (0.980298)
[75, 91, 109, 127] (0.991474)
[75, 91, 124] (0.981601)
[75, 91, 124, 127] (0.981601)
[75, 91, 127] (0.992776)
[75, 103] (0.955149)
[75, 103, 106] (0.955149)
[75, 103, 106, 109] (0.955149)
[75, 103, 106, 109, 127] (0.953787)
[75, 103, 106, 127] (0.953787)
[75, 103, 109] (0.955149)
[75, 103, 109, 127] (0.953787)
[75, 103, 127] (0.953787)
[75, 106] (0.984458)
[75, 106, 109] (0.984458)
[75, 106, 109, 124] (0.971920)
[75, 106, 109, 124, 127] (0.971920)
[75, 106, 109, 127] (0.983096)
[75, 106, 124] (0.971920)
[75, 106, 124, 127] (0.971920)
[75, 106, 127] (0.983096)
[75, 109] (0.994079)
[75, 109, 124] (0.981542)
[75, 109, 124, 127] (0.981542)
[75, 109, 127] (0.992717)
[75, 124] (0.982844)
[75, 124, 127] (0.982844)
[75, 127] (0.994020)
[85] (0.968812)
[85, 88] (0.968812)
[85, 88, 91] (0.968812)
[85, 88, 91, 106] (0.957887)
[85, 88, 91, 106, 109] (0.957887)
[85, 88, 91, 106, 109, 127] (0.956526)
[85, 88, 91, 106, 127] (0.956526)
[85, 88, 91, 109] (0.967509)
[85, 88, 91, 109, 124] (0.954971)
[85, 88, 91, 109, 124, 127] (0.954971)
[85, 88, 91, 109, 127] (0.966147)
[85, 88, 91, 124] (0.956274)
[85, 88, 91, 124, 127] (0.956274)
[85, 88, 91, 127] (0.967450)
[85, 88, 106] (0.957887)
[85, 88, 106, 109] (0.957887)
[85, 88, 106, 109, 127] (0.956526)
[85, 88, 106, 127] (0.956526)
[85, 88, 109] (0.967509)
[85, 88, 109, 124] (0.954971)
[85, 88, 109, 124, 127] (0.954971)
[85, 88, 109, 127] (0.966147)
[85, 88, 124] (0.956274)
[85, 88, 124, 127] (0.956274)
[85, 88, 127] (0.967450)
[85, 91] (0.968812)
[85, 91, 106] (0.957887)
[85, 91, 106, 109] (0.957887)
[85, 91, 106, 109, 127] (0.956526)
[85, 91, 106, 127] (0.956526)
[85, 91, 109] (0.967509)
[85, 91, 109, 124] (0.954971)
[85, 91, 109, 124, 127] (0.954971)
[85, 91, 109, 127] (0.966147)
[85, 91, 124] (0.956274)
[85, 91, 124, 127] (0.956274)
[85, 91, 127] (0.967450)
[85, 106] (0.957887)
[85, 106, 109] (0.957887)
[85, 106, 109, 127] (0.956526)
[85, 106, 127] (0.956526)
[85, 109] (0.967509)
[85, 109, 124] (0.954971)
[85, 109, 124, 127] (0.954971)
[85, 109, 127] (0.966147)
[85, 124] (0.956274)
[85, 124, 127] (0.956274)
[85, 127] (0.967450)
[88] (0.990689)
[88, 91] (0.990689)
[88, 91, 103] (0.950457)
[88, 91, 103, 106] (0.950457)
[88, 91, 103, 106, 109] (0.950457)
[88, 91, 103, 109] (0.950457)
[88, 91, 106] (0.979765)
[88, 91, 106, 109] (0.979765)
[88, 91, 106, 109, 124] (0.967228)
[88, 91, 106, 109, 124, 127] (0.967228)
[88, 91, 106, 109, 127] (0.978403)
[88, 91, 106, 124] (0.967228)
[88, 91, 106, 124, 127] (0.967228)
[88, 91, 106, 127] (0.978403)
[88, 91, 109] (0.989387)
[88, 91, 109, 124] (0.976849)
[88, 91, 109, 124, 127] (0.976849)
[88, 91, 109, 127] (0.988025)
[88, 91, 124] (0.978152)
[88, 91, 124, 127] (0.978152)
[88, 91, 127] (0.989328)
[88, 103] (0.950457)
[88, 103, 106] (0.950457)
[88, 103, 106, 109] (0.950457)
[88, 103, 109] (0.950457)
[88, 106] (0.979765)
[88, 106, 109] (0.979765)
[88, 106, 109, 124] (0.967228)
[88, 106, 109, 124, 127] (0.967228)
[88, 106, 109, 127] (0.978403)
[88, 106, 124] (0.967228)
[88, 106, 124, 127] (0.967228)
[88, 106, 127] (0.978403)
[88, 109] (0.989387)
[88, 109, 124] (0.976849)
[88, 109, 124, 127] (0.976849)
[88, 109, 127] (0.988025)
[88, 124] (0.978152)
[88, 124, 127] (0.978152)
[88, 127] (0.989328)
[91] (0.998757)
[91, 103] (0.958524)
[91, 103, 106] (0.958524)
[91, 103, 106, 109] (0.958524)
[91, 103, 106, 109, 127] (0.957162)
[91, 103, 106, 127] (0.957162)
[91, 103, 109] (0.958524)
[91, 103, 109, 127] (0.957162)
[91, 103, 127] (0.957162)
[91, 106] (0.987832)
[91, 106, 109] (0.987832)
[91, 106, 109, 124] (0.975295)
[91, 106, 109, 124, 127] (0.975295)
[91, 106, 109, 127] (0.986471)
[91, 106, 124] (0.975295)
[91, 106, 124, 127] (0.975295)
[91, 106, 127] (0.986471)
[91, 109] (0.997454)
[91, 109, 124] (0.984916)
[91, 109, 124, 127] (0.984916)
[91, 109, 127] (0.996092)
[91, 121] (0.950560)
[91, 121, 124] (0.950560)
[91, 121, 124, 127] (0.950560)
[91, 121, 127] (0.950560)
[91, 124] (0.986219)
[91, 124, 127] (0.986219)
[91, 127] (0.997395)
[103] (0.959767)
[103, 106] (0.959767)
[103, 106, 109] (0.959767)
[103, 106, 109, 127] (0.958405)
[103, 106, 127] (0.958405)
[103, 109] (0.959767)
[103, 109, 127] (0.958405)
[103, 127] (0.958405)
[106] (0.989076)
[106, 109] (0.989076)
[106, 109, 124] (0.976538)
[106, 109, 124, 127] (0.976538)
[106, 109, 127] (0.987714)
[106, 124] (0.976538)
[106, 124, 127] (0.976538)
[106, 127] (0.987714)
[109] (0.998697)
[109, 121] (0.950501)
[109, 121, 124] (0.950501)
[109, 121, 124, 127] (0.950501)
[109, 121, 127] (0.950501)
[109, 124] (0.986160)
[109, 124, 127] (0.986160)
[109, 127] (0.997336)
[121] (0.951804)
[121, 124] (0.951804)
[121, 124, 127] (0.951804)
[121, 127] (0.951804)
[124] (0.987462)
[124, 127] (0.987462)
[127] (0.998638)
