[170] (0.99)
[170, 180] (0.977)
[170, 180, 184] (0.977)
[170, 180, 184, 4438] (0.975)
[170, 180, 4438] (0.975)
[170, 184] (0.977)
[170, 184, 4438] (0.975)
[170, 4428] (0.973)
[170, 4428, 4438] (0.971)
[170, 4438] (0.988)
[170, 4438, 7062] (0.98)
[170, 7062] (0.982)
[180] (0.984)
[180, 184] (0.984)
[180, 184, 4438] (0.982)
[180, 184, 4438, 7062] (0.973)
[180, 184, 7062] (0.975)
[180, 4438] (0.982)
[180, 4438, 7062] (0.973)
[180, 7062] (0.975)
[184] (0.984)
[184, 4438] (0.982)
[184, 4438, 7062] (0.973)
[184, 7062] (0.975)
[4426] (0.974)
[4426, 4438] (0.972)
[4428] (0.983)
[4428, 4438] (0.981)
[4428, 4438, 7062] (0.972)
[4428, 7062] (0.974)
[4432] (0.974)
[4432, 4438] (0.972)
[4434] (0.976)
[4434, 4438] (0.974)
[4438] (0.998)
[4438, 7062] (0.989)
[4940] (0.971)
[7062] (0.991)
