[170] (0.99)
[170, 180] (0.977)
[170, 180, 184] (0.977)
[170, 180, 184, 4426] (0.951)
[170, 180, 184, 4428] (0.96)
[170, 180, 184, 4428, 4438] (0.958)
[170, 180, 184, 4428, 7062] (0.951)
[170, 180, 184, 4432] (0.951)
[170, 180, 184, 4434] (0.953)
[170, 180, 184, 4434, 4438] (0.951)
[170, 180, 184, 4438] (0.975)
[170, 180, 184, 4438, 7062] (0.967)
[170, 180, 184, 7062] (0.969)
[170, 180, 4426] (0.951)
[170, 180, 4428] (0.96)
[170, 180, 4428, 4438] (0.958)
[170, 180, 4428, 7062] (0.951)
[170, 180, 4432] (0.951)
[170, 180, 4434] (0.953)
[170, 180, 4434, 4438] (0.951)
[170, 180, 4438] (0.975)
[170, 180, 4438, 7062] (0.967)
[170, 180, 7062] (0.969)
[170, 184] (0.977)
[170, 184, 4426] (0.951)
[170, 184, 4428] (0.96)
[170, 184, 4428, 4438] (0.958)
[170, 184, 4428, 7062] (0.951)
[170, 184, 4432] (0.951)
[170, 184, 4434] (0.953)
[170, 184, 4434, 4438] (0.951)
[170, 184, 4438] (0.975)
[170, 184, 4438, 7062] (0.967)
[170, 184, 7062] (0.969)
[170, 4426] (0.965)
[170, 4426, 4428] (0.956)
[170, 4426, 4428, 4438] (0.953)
[170, 4426, 4438] (0.963)
[170, 4426, 4438, 7062] (0.954)
[170, 4426, 7062] (0.956)
[170, 4428] (0.973)
[170, 4428, 4438] (0.971)
[170, 4428, 4438, 7062] (0.963)
[170, 4428, 7062] (0.965)
[170, 4432] (0.964)
[170, 4432, 4438] (0.962)
[170, 4432, 4438, 7062] (0.954)
[170, 4432, 7062] (0.956)
[170, 4434] (0.966)
[170, 4434, 4438] (0.965)
[170, 4434, 4438, 7062] (0.957)
[170, 4434, 7062] (0.958)
[170, 4438] (0.988)
[170, 4438, 4940] (0.96)
[170, 4438, 4940, 7062] (0.952)
[170, 4438, 7062] (0.98)
[170, 4438, 7092] (0.958)
[170, 4940] (0.962)
[170, 4940, 7062] (0.954)
[170, 7062] (0.982)
[170, 7062, 7092] (0.951)
[170, 7092] (0.96)
[180] (0.984)
[180, 184] (0.984)
[180, 184, 4426] (0.958)
[180, 184, 4426, 4438] (0.956)
[180, 184, 4428] (0.967)
[180, 184, 4428, 4438] (0.965)
[180, 184, 4428, 4438, 7062] (0.956)
[180, 184, 4428, 7062] (0.958)
[180, 184, 4432] (0.958)
[180, 184, 4432, 4438] (0.956)
[180, 184, 4434] (0.96)
[180, 184, 4434, 4438] (0.958)
[180, 184, 4434, 4438, 7062] (0.95)
[180, 184, 4434, 7062] (0.952)
[180, 184, 4438] (0.982)
[180, 184, 4438, 4940] (0.954)
[180, 184, 4438, 7062] (0.973)
[180, 184, 4438, 7092] (0.952)
[180, 184, 4940] (0.956)
[180, 184, 7062] (0.975)
[180, 184, 7092] (0.954)
[180, 4426] (0.958)
[180, 4426, 4438] (0.956)
[180, 4428] (0.967)
[180, 4428, 4438] (0.965)
[180, 4428, 4438, 7062] (0.956)
[180, 4428, 7062] (0.958)
[180, 4432] (0.958)
[180, 4432, 4438] (0.956)
[180, 4434] (0.96)
[180, 4434, 4438] (0.958)
[180, 4434, 4438, 7062] (0.95)
[180, 4434, 7062] (0.952)
[180, 4438] (0.982)
[180, 4438, 4940] (0.954)
[180, 4438, 7062] (0.973)
[180, 4438, 7092] (0.952)
[180, 4940] (0.956)
[180, 7062] (0.975)
[180, 7092] (0.954)
[184] (0.984)
[184, 4426] (0.958)
[184, 4426, 4438] (0.956)
[184, 4428] (0.967)
[184, 4428, 4438] (0.965)
[184, 4428, 4438, 7062] (0.956)
[184, 4428, 7062] (0.958)
[184, 4432] (0.958)
[184, 4432, 4438] (0.956)
[184, 4434] (0.96)
[184, 4434, 4438] (0.958)
[184, 4434, 4438, 7062] (0.95)
[184, 4434, 7062] (0.952)
[184, 4438] (0.982)
[184, 4438, 4940] (0.954)
[184, 4438, 7062] (0.973)
[184, 4438, 7092] (0.952)
[184, 4940] (0.956)
[184, 7062] (0.975)
[184, 7092] (0.954)
[188] (0.957)
[188, 4438] (0.955)
[4426] (0.974)
[4426, 4428] (0.965)
[4426, 4428, 4438] (0.963)
[4426, 4428, 4438, 7062] (0.955)
[4426, 4428, 7062] (0.957)
[4426, 4434] (0.95)
[4426, 4438] (0.972)
[4426, 4438, 7062] (0.964)
[4426, 7062] (0.966)
[4428] (0.983)
[4428, 4432] (0.959)
[4428, 4432, 4438] (0.957)
[4428, 4432, 7062] (0.951)
[4428, 4434] (0.959)
[4428, 4434, 4438] (0.957)
[4428, 4434, 7062] (0.951)
[4428, 4438] (0.981)
[4428, 4438, 4940] (0.953)
[4428, 4438, 7062] (0.972)
[4428, 4438, 7092] (0.95)
[4428, 4940] (0.955)
[4428, 7062] (0.974)
[4428, 7092] (0.952)
[4432] (0.974)
[4432, 4434] (0.956)
[4432, 4434, 4438] (0.954)
[4432, 4438] (0.972)
[4432, 4438, 7062] (0.964)
[4432, 7062] (0.966)
[4434] (0.976)
[4434, 4438] (0.974)
[4434, 4438, 7062] (0.966)
[4434, 7062] (0.968)
[4436] (0.959)
[4436, 4438] (0.958)
[4436, 4438, 7062] (0.95)
[4436, 7062] (0.952)
[4438] (0.998)
[4438, 4940] (0.969)
[4438, 4940, 7062] (0.961)
[4438, 7062] (0.989)
[4438, 7062, 7092] (0.959)
[4438, 7092] (0.967)
[4940] (0.971)
[4940, 7062] (0.963)
[7062] (0.991)
[7062, 7092] (0.961)
[7092] (0.969)
