[32] (0.172036)
[32, 38] (0.032134)
[32, 38, 39] (0.020871)
[32, 39] (0.095903)
[32, 39, 41] (0.026758)
[32, 39, 48] (0.061274)
[32, 41] (0.036251)
[32, 41, 48] (0.023400)
[32, 48] (0.091128)
[36] (0.033302)
[36, 38] (0.031646)
[36, 38, 39] (0.022062)
[36, 39] (0.023105)
[38] (0.176902)
[38, 39] (0.117341)
[38, 39, 41] (0.034607)
[38, 39, 41, 48] (0.022583)
[38, 39, 48] (0.069213)
[38, 39, 170] (0.022901)
[38, 41] (0.044203)
[38, 41, 48] (0.026928)
[38, 48] (0.090107)
[38, 110] (0.030909)
[38, 170] (0.034380)
[39] (0.574794)
[39, 41] (0.129466)
[39, 41, 48] (0.083551)
[39, 48] (0.330551)
[39, 48, 65] (0.020383)
[39, 48, 89] (0.024103)
[39, 65] (0.031612)
[39, 89] (0.031181)
[39, 170] (0.023355)
[39, 225] (0.026667)
[39, 237] (0.021880)
[39, 310] (0.021007)
[41] (0.169517)
[41, 48] (0.102289)
[48] (0.477927)
[48, 65] (0.028686)
[48, 89] (0.031737)
[65] (0.050725)
[89] (0.043522)
[101] (0.025374)
[110] (0.031692)
[147] (0.020179)
[170] (0.035151)
[225] (0.036943)
[237] (0.034391)
[271] (0.023752)
[310] (0.029423)
[413] (0.021324)
[438] (0.021132)
[475] (0.024580)
[1327] (0.020258)
