[19] (0.99234720310256519)
[19, 37] (0.98472401083529459)
[19, 37, 55] (0.97713042319818821)
[19, 37, 55, 75] (0.97251210089257956)
[19, 37, 55, 75, 91] (0.97126870642568497)
[19, 37, 55, 75, 109] (0.97120949716535665)
[19, 37, 55, 75, 127] (0.97115028790502833)
[19, 37, 55, 91] (0.97588702873129363)
[19, 37, 55, 91, 109] (0.97458442500407061)
[19, 37, 55, 91, 109, 127] (0.97322261201651938)
[19, 37, 55, 91, 127] (0.97452521574374229)
[19, 37, 55, 109] (0.97582781947096531)
[19, 37, 55, 109, 127] (0.97446600648341397)
[19, 37, 55, 127] (0.97576861021063699)
[19, 37, 75] (0.98010568852968605)
[19, 37, 75, 88] (0.97079503234305842)
[19, 37, 75, 88, 91] (0.97079503234305842)
[19, 37, 75, 91] (0.97886229406279146)
[19, 37, 75, 91, 109] (0.97755969033556844)
[19, 37, 75, 91, 109, 127] (0.97619787734801722)
[19, 37, 75, 91, 127] (0.97750048107524012)
[19, 37, 75, 109] (0.97880308480246314)
[19, 37, 75, 109, 127] (0.97744127181491181)
[19, 37, 75, 127] (0.97874387554213482)
[19, 37, 88] (0.97541335464866707)
[19, 37, 88, 91] (0.97541335464866707)
[19, 37, 88, 91, 109] (0.97411075092144417)
[19, 37, 88, 91, 109, 127] (0.97274893793389283)
[19, 37, 88, 91, 127] (0.97405154166111585)
[19, 37, 88, 109] (0.97411075092144417)
[19, 37, 88, 109, 127] (0.97274893793389283)
[19, 37, 88, 127] (0.97405154166111585)
[19, 37, 91] (0.98348061636840001)
[19, 37, 91, 106] (0.97255650783782588)
[19, 37, 91, 106, 109] (0.97255650783782588)
[19, 37, 91, 106, 109, 127] (0.97119469485027454)
[19, 37, 91, 106, 127] (0.97119469485027454)
[19, 37, 91, 109] (0.9821780126411771)
[19, 37, 91, 109, 127] (0.98081619965362588)
[19, 37, 91, 124] (0.97094305549387927)
[19, 37, 91, 124, 127] (0.97094305549387927)
[19, 37, 91, 127] (0.98211880338084878)
[19, 37, 106] (0.97379990230472047)
[19, 37, 106, 109] (0.97379990230472047)
[19, 37, 106, 109, 127] (0.97243808931716924)
[19, 37, 106, 127] (0.97243808931716924)
[19, 37, 109] (0.98342140710807169)
[19, 37, 109, 124] (0.97088384623355095)
[19, 37, 109, 124, 127] (0.97088384623355095)
[19, 37, 109, 127] (0.98205959412052046)
[19, 37, 124] (0.97218644996077386)
[19, 37, 124, 127] (0.97218644996077386)
[19, 37, 127] (0.98336219784774337)
[19, 55] (0.98475361546545881)
[19, 55, 75] (0.98013529315985015)
[19, 55, 75, 88] (0.97082463697322263)
[19, 55, 75, 88, 91] (0.97082463697322263)
[19, 55, 75, 91] (0.97889189869295556)
[19, 55, 75, 91, 109] (0.97758929496573266)
[19, 55, 75, 91, 109, 127] (0.97622748197818143)
[19, 55, 75, 91, 127] (0.97753008570540434)
[19, 55, 75, 109] (0.97883268943262725)
[19, 55, 75, 109, 127] (0.97747087644507602)
[19, 55, 75, 127] (0.97877348017229893)
[19, 55, 88] (0.97544295927883118)
[19, 55, 88, 91] (0.97544295927883118)
[19, 55, 88, 91, 109] (0.97414035555160827)
[19, 55, 88, 91, 109, 127] (0.97277854256405705)
[19, 55, 88, 91, 127] (0.97408114629127995)
[19, 55, 88, 109] (0.97414035555160827)
[19, 55, 88, 109, 127] (0.97277854256405705)
[19, 55, 88, 127] (0.97408114629127995)
[19, 55, 91] (0.98351022099856422)
[19, 55, 91, 106] (0.97258611246798998)
[19, 55, 91, 106, 109] (0.97258611246798998)
[19, 55, 91, 106, 109, 127] (0.97122429948043876)
[19, 55, 91, 106, 127] (0.97122429948043876)
[19, 55, 91, 109] (0.9822076172713412)
[19, 55, 91, 109, 127] (0.98084580428378998)
[19, 55, 91, 124] (0.97097266012404337)
[19, 55, 91, 124, 127] (0.97097266012404337)
[19, 55, 91, 127] (0.98214840801101289)
[19, 55, 106] (0.97382950693488457)
[19, 55, 106, 109] (0.97382950693488457)
[19, 55, 106, 109, 127] (0.97246769394733334)
[19, 55, 106, 127] (0.97246769394733334)
[19, 55, 109] (0.9834510117382359)
[19, 55, 109, 124] (0.97091345086371506)
[19, 55, 109, 124, 127] (0.97091345086371506)
[19, 55, 109, 127] (0.98208919875068457)
[19, 55, 124] (0.97221605459093807)
[19, 55, 124, 127] (0.97221605459093807)
[19, 55, 127] (0.98339180247790758)
[19, 75] (0.98772888079695664)
[19, 75, 88] (0.97841822461032901)
[19, 75, 88, 91] (0.97841822461032901)
[19, 75, 88, 91, 109] (0.97711562088310611)
[19, 75, 88, 91, 109, 127] (0.97575380789555488)
[19, 75, 88, 91, 127] (0.97705641162277779)
[19, 75, 88, 109] (0.97711562088310611)
[19, 75, 88, 109, 127] (0.97575380789555488)
[19, 75, 88, 127] (0.97705641162277779)
[19, 75, 91] (0.98648548633006206)
[19, 75, 91, 106] (0.97556137779948782)
[19, 75, 91, 106, 109] (0.97556137779948782)
[19, 75, 91, 106, 109, 127] (0.97419956481193659)
[19, 75, 91, 106, 127] (0.97419956481193659)
[19, 75, 91, 109] (0.98518288260283904)
[19, 75, 91, 109, 124] (0.9726453217283183)
[19, 75, 91, 109, 124, 127] (0.9726453217283183)
[19, 75, 91, 109, 127] (0.98382106961528781)
[19, 75, 91, 124] (0.97394792545554121)
[19, 75, 91, 124, 127] (0.97394792545554121)
[19, 75, 91, 127] (0.98512367334251072)
[19, 75, 106] (0.97680477226638251)
[19, 75, 106, 109] (0.97680477226638251)
[19, 75, 106, 109, 127] (0.97544295927883118)
[19, 75, 106, 127] (0.97544295927883118)
[19, 75, 109] (0.98642627706973374)
[19, 75, 109, 124] (0.97388871619521289)
[19, 75, 109, 124, 127] (0.97388871619521289)
[19, 75, 109, 127] (0.9850644640821824)
[19, 75, 124] (0.97519131992243591)
[19, 75, 124, 127] (0.97519131992243591)
[19, 75, 127] (0.98636706780940542)
[19, 88] (0.98303654691593767)
[19, 88, 91] (0.98303654691593767)
[19, 88, 91, 106] (0.97211243838536343)
[19, 88, 91, 106, 109] (0.97211243838536343)
[19, 88, 91, 106, 109, 127] (0.97075062539781221)
[19, 88, 91, 106, 127] (0.97075062539781221)
[19, 88, 91, 109] (0.98173394318871476)
[19, 88, 91, 109, 127] (0.98037213020116343)
[19, 88, 91, 124] (0.97049898604141682)
[19, 88, 91, 124, 127] (0.97049898604141682)
[19, 88, 91, 127] (0.98167473392838644)
[19, 88, 106] (0.97211243838536343)
[19, 88, 106, 109] (0.97211243838536343)
[19, 88, 106, 109, 127] (0.97075062539781221)
[19, 88, 106, 127] (0.97075062539781221)
[19, 88, 109] (0.98173394318871476)
[19, 88, 109, 127] (0.98037213020116343)
[19, 88, 124] (0.97049898604141682)
[19, 88, 124, 127] (0.97049898604141682)
[19, 88, 127] (0.98167473392838644)
[19, 91] (0.9911038086356706)
[19, 91, 106] (0.98017970010509647)
[19, 91, 106, 109] (0.98017970010509647)
[19, 91, 106, 109, 127] (0.97881788711754514)
[19, 91, 106, 127] (0.97881788711754514)
[19, 91, 109] (0.9898012049084477)
[19, 91, 109, 124] (0.97726364403392696)
[19, 91, 109, 124, 127] (0.97726364403392696)
[19, 91, 109, 127] (0.98843939192089647)
[19, 91, 124] (0.97856624776114987)
[19, 91, 124, 127] (0.97856624776114987)
[19, 91, 127] (0.98974199564811938)
[19, 106] (0.98142309457199106)
[19, 106, 109] (0.98142309457199106)
[19, 106, 109, 127] (0.98006128158443984)
[19, 106, 127] (0.98006128158443984)
[19, 109] (0.99104459937534228)
[19, 109, 124] (0.97850703850082155)
[19, 109, 124, 127] (0.97850703850082155)
[19, 109, 127] (0.98968278638779106)
[19, 124] (0.97980964222804445)
[19, 124, 127] (0.97980964222804445)
[19, 127] (0.99098539011501396)
[37] (0.9923768077327294)
[37, 55] (0.98478322009562291)
[37, 55, 75] (0.98016489779001437)
[37, 55, 75, 88] (0.97085424160338674)
[37, 55, 75, 88, 91] (0.97085424160338674)
[37, 55, 75, 91] (0.97892150332311978)
[37, 55, 75, 91, 109] (0.97761889959589676)
[37, 55, 75, 91, 109, 127] (0.97625708660834554)
[37, 55, 75, 91, 127] (0.97755969033556844)
[37, 55, 75, 109] (0.97886229406279146)
[37, 55, 75, 109, 127] (0.97750048107524012)
[37, 55, 75, 127] (0.97880308480246314)
[37, 55, 88] (0.97547256390899539)
[37, 55, 88, 91] (0.97547256390899539)
[37, 55, 88, 91, 109] (0.97416996018177238)
[37, 55, 88, 91, 109, 127] (0.97280814719422115)
[37, 55, 88, 91, 127] (0.97411075092144417)
[37, 55, 88, 109] (0.97416996018177238)
[37, 55, 88, 109, 127] (0.97280814719422115)
[37, 55, 88, 127] (0.97411075092144417)
[37, 55, 91] (0.98353982562872833)
[37, 55, 91, 106] (0.9726157170981542)
[37, 55, 91, 106, 109] (0.9726157170981542)
[37, 55, 91, 106, 109, 127] (0.97125390411060286)
[37, 55, 91, 106, 127] (0.97125390411060286)
[37, 55, 91, 109] (0.98223722190150542)
[37, 55, 91, 109, 127] (0.98087540891395419)
[37, 55, 91, 124] (0.97100226475420759)
[37, 55, 91, 124, 127] (0.97100226475420759)
[37, 55, 91, 127] (0.9821780126411771)
[37, 55, 106] (0.97385911156504879)
[37, 55, 106, 109] (0.97385911156504879)
[37, 55, 106, 109, 127] (0.97249729857749756)
[37, 55, 106, 127] (0.97249729857749756)
[37, 55, 109] (0.98348061636840001)
[37, 55, 109, 124] (0.97094305549387927)
[37, 55, 109, 124, 127] (0.97094305549387927)
[37, 55, 109, 127] (0.98211880338084878)
[37, 55, 124] (0.97224565922110218)
[37, 55, 124, 127] (0.97224565922110218)
[37, 55, 127] (0.98342140710807169)
[37, 75] (0.98775848542712075)
[37, 75, 88] (0.97844782924049323)
[37, 75, 88, 91] (0.97844782924049323)
[37, 75, 88, 91, 109] (0.97714522551327032)
[37, 75, 88, 91, 109, 127] (0.97578341252571899)
[37, 75, 88, 91, 127] (0.977086016252942)
[37, 75, 88, 109] (0.97714522551327032)
[37, 75, 88, 109, 127] (0.97578341252571899)
[37, 75, 88, 127] (0.977086016252942)
[37, 75, 91] (0.98651509096022616)
[37, 75, 91, 106] (0.97559098242965203)
[37, 75, 91, 106, 109] (0.97559098242965203)
[37, 75, 91, 106, 109, 127] (0.9742291694421007)
[37, 75, 91, 106, 127] (0.9742291694421007)
[37, 75, 91, 109] (0.98521248723300325)
[37, 75, 91, 109, 124] (0.97267492635848252)
[37, 75, 91, 109, 124, 127] (0.97267492635848252)
[37, 75, 91, 109, 127] (0.98385067424545203)
[37, 75, 91, 124] (0.97397753008570542)
[37, 75, 91, 124, 127] (0.97397753008570542)
[37, 75, 91, 127] (0.98515327797267493)
[37, 75, 106] (0.97683437689654662)
[37, 75, 106, 109] (0.97683437689654662)
[37, 75, 106, 109, 127] (0.97547256390899539)
[37, 75, 106, 127] (0.97547256390899539)
[37, 75, 109] (0.98645588169989784)
[37, 75, 109, 124] (0.9739183208253771)
[37, 75, 109, 124, 127] (0.9739183208253771)
[37, 75, 109, 127] (0.98509406871234662)
[37, 75, 124] (0.97522092455260001)
[37, 75, 124, 127] (0.97522092455260001)
[37, 75, 127] (0.98639667243956952)
[37, 88] (0.98306615154610177)
[37, 88, 91] (0.98306615154610177)
[37, 88, 91, 106] (0.97214204301552765)
[37, 88, 91, 106, 109] (0.97214204301552765)
[37, 88, 91, 106, 109, 127] (0.97078023002797642)
[37, 88, 91, 106, 127] (0.97078023002797642)
[37, 88, 91, 109] (0.98176354781887887)
[37, 88, 91, 109, 127] (0.98040173483132764)
[37, 88, 91, 124] (0.97052859067158104)
[37, 88, 91, 124, 127] (0.97052859067158104)
[37, 88, 91, 127] (0.98170433855855055)
[37, 88, 106] (0.97214204301552765)
[37, 88, 106, 109] (0.97214204301552765)
[37, 88, 106, 109, 127] (0.97078023002797642)
[37, 88, 106, 127] (0.97078023002797642)
[37, 88, 109] (0.98176354781887887)
[37, 88, 109, 127] (0.98040173483132764)
[37, 88, 124] (0.97052859067158104)
[37, 88, 124, 127] (0.97052859067158104)
[37, 88, 127] (0.98170433855855055)
[37, 91] (0.99113341326583482)
[37, 91, 106] (0.98020930473526058)
[37, 91, 106, 109] (0.98020930473526058)
[37, 91, 106, 109, 127] (0.97884749174770935)
[37, 91, 106, 127] (0.97884749174770935)
[37, 91, 109] (0.9898308095386118)
[37, 91, 109, 124] (0.97729324866409106)
[37, 91, 109, 124, 127] (0.97729324866409106)
[37, 91, 109, 127] (0.98846899655106057)
[37, 91, 124] (0.97859585239131397)
[37, 91, 124, 127] (0.97859585239131397)
[37, 91, 127] (0.98977160027828348)
[37, 106] (0.98145269920215517)
[37, 106, 109] (0.98145269920215517)
[37, 106, 109, 127] (0.98009088621460394)
[37, 106, 127] (0.98009088621460394)
[37, 109] (0.9910742040055065)
[37, 109, 124] (0.97853664313098565)
[37, 109, 124, 127] (0.97853664313098565)
[37, 109, 127] (0.98971239101795516)
[37, 124] (0.97983924685820867)
[37, 124, 127] (0.97983924685820867)
[37, 127] (0.99101499474517818)
[55] (0.99240641236289351)
[55, 75] (0.98778809005728496)
[55, 75, 88] (0.97847743387065733)
[55, 75, 88, 91] (0.97847743387065733)
[55, 75, 88, 91, 109] (0.97717483014343443)
[55, 75, 88, 91, 109, 127] (0.9758130171558832)
[55, 75, 88, 91, 127] (0.97711562088310611)
[55, 75, 88, 109] (0.97717483014343443)
[55, 75, 88, 109, 127] (0.9758130171558832)
[55, 75, 88, 127] (0.97711562088310611)
[55, 75, 91] (0.98654469559039037)
[55, 75, 91, 106] (0.97562058705981614)
[55, 75, 91, 106, 109] (0.97562058705981614)
[55, 75, 91, 106, 109, 127] (0.97425877407226491)
[55, 75, 91, 106, 127] (0.97425877407226491)
[55, 75, 91, 109] (0.98524209186316736)
[55, 75, 91, 109, 124] (0.97270453098864662)
[55, 75, 91, 109, 124, 127] (0.97270453098864662)
[55, 75, 91, 109, 127] (0.98388027887561613)
[55, 75, 91, 124] (0.97400713471586953)
[55, 75, 91, 124, 127] (0.97400713471586953)
[55, 75, 91, 127] (0.98518288260283904)
[55, 75, 106] (0.97686398152671072)
[55, 75, 106, 109] (0.97686398152671072)
[55, 75, 106, 109, 127] (0.9755021685391595)
[55, 75, 106, 127] (0.9755021685391595)
[55, 75, 109] (0.98648548633006206)
[55, 75, 109, 124] (0.97394792545554121)
[55, 75, 109, 124, 127] (0.97394792545554121)
[55, 75, 109, 127] (0.98512367334251072)
[55, 75, 124] (0.97525052918276423)
[55, 75, 124, 127] (0.97525052918276423)
[55, 75, 127] (0.98642627706973374)
[55, 88] (0.98309575617626599)
[55, 88, 91] (0.98309575617626599)
[55, 88, 91, 106] (0.97217164764569175)
[55, 88, 91, 106, 109] (0.97217164764569175)
[55, 88, 91, 106, 109, 127] (0.97080983465814052)
[55, 88, 91, 106, 127] (0.97080983465814052)
[55, 88, 91, 109] (0.98179315244904308)
[55, 88, 91, 109, 127] (0.98043133946149175)
[55, 88, 91, 124] (0.97055819530174514)
[55, 88, 91, 124, 127] (0.97055819530174514)
[55, 88, 91, 127] (0.98173394318871476)
[55, 88, 106] (0.97217164764569175)
[55, 88, 106, 109] (0.97217164764569175)
[55, 88, 106, 109, 127] (0.97080983465814052)
[55, 88, 106, 127] (0.97080983465814052)
[55, 88, 109] (0.98179315244904308)
[55, 88, 109, 127] (0.98043133946149175)
[55, 88, 124] (0.97055819530174514)
[55, 88, 124, 127] (0.97055819530174514)
[55, 88, 127] (0.98173394318871476)
[55, 91] (0.99116301789599892)
[55, 91, 106] (0.98023890936542479)
[55, 91, 106, 109] (0.98023890936542479)
[55, 91, 106, 109, 127] (0.97887709637787346)
[55, 91, 106, 127] (0.97887709637787346)
[55, 91, 109] (0.98986041416877601)
[55, 91, 109, 124] (0.97732285329425517)
[55, 91, 109, 124, 127] (0.97732285329425517)
[55, 91, 109, 127] (0.98849860118122479)
[55, 91, 124] (0.97862545702147818)
[55, 91, 124, 127] (0.97862545702147818)
[55, 91, 127] (0.9898012049084477)
[55, 106] (0.98148230383231938)
[55, 106, 109] (0.98148230383231938)
[55, 106, 109, 127] (0.98012049084476816)
[55, 106, 127] (0.98012049084476816)
[55, 109] (0.9911038086356706)
[55, 109, 124] (0.97856624776114987)
[55, 109, 124, 127] (0.97856624776114987)
[55, 109, 127] (0.98974199564811938)
[55, 124] (0.97986885148837277)
[55, 124, 127] (0.97986885148837277)
[55, 127] (0.99104459937534228)
[72] (0.97755969033556844)
[72, 75] (0.97755969033556844)
[72, 75, 91] (0.97631629586867386)
[72, 75, 91, 109] (0.97501369214145095)
[72, 75, 91, 109, 127] (0.97365187915389972)
[72, 75, 91, 127] (0.97495448288112263)
[72, 75, 109] (0.97625708660834554)
[72, 75, 109, 127] (0.97489527362079431)
[72, 75, 127] (0.97619787734801722)
[72, 91] (0.97631629586867386)
[72, 91, 109] (0.97501369214145095)
[72, 91, 109, 127] (0.97365187915389972)
[72, 91, 127] (0.97495448288112263)
[72, 109] (0.97625708660834554)
[72, 109, 127] (0.97489527362079431)
[72, 127] (0.97619787734801722)
[75] (0.99538167769439145)
[75, 88] (0.98607102150776382)
[75, 88, 91] (0.98607102150776382)
[75, 88, 91, 106] (0.97514691297718958)
[75, 88, 91, 106, 109] (0.97514691297718958)
[75, 88, 91, 106, 109, 127] (0.97378509998963836)
[75, 88, 91, 106, 127] (0.97378509998963836)
[75, 88, 91, 109] (0.98476841778054092)
[75, 88, 91, 109, 124] (0.97223085690602007)
[75, 88, 91, 109, 124, 127] (0.97223085690602007)
[75, 88, 91, 109, 127] (0.98340660479298958)
[75, 88, 91, 124] (0.97353346063324309)
[75, 88, 91, 124, 127] (0.97353346063324309)
[75, 88, 91, 127] (0.9847092085202126)
[75, 88, 106] (0.97514691297718958)
[75, 88, 106, 109] (0.97514691297718958)
[75, 88, 106, 109, 127] (0.97378509998963836)
[75, 88, 106, 127] (0.97378509998963836)
[75, 88, 109] (0.98476841778054092)
[75, 88, 109, 124] (0.97223085690602007)
[75, 88, 109, 124, 127] (0.97223085690602007)
[75, 88, 109, 127] (0.98340660479298958)
[75, 88, 124] (0.97353346063324309)
[75, 88, 124, 127] (0.97353346063324309)
[75, 88, 127] (0.9847092085202126)
[75, 91] (0.99413828322749676)
[75, 91, 106] (0.98321417469692263)
[75, 91, 106, 109] (0.98321417469692263)
[75, 91, 106, 109, 124] (0.97067661382240178)
[75, 91, 106, 109, 124, 127] (0.97067661382240178)
[75, 91, 106, 109, 127] (0.98185236170937129)
[75, 91, 106, 124] (0.97067661382240178)
[75, 91, 106, 124, 127] (0.97067661382240178)
[75, 91, 106, 127] (0.98185236170937129)
[75, 91, 109] (0.99283567950027385)
[75, 91, 109, 124] (0.98029811862575311)
[75, 91, 109, 124, 127] (0.98029811862575311)
[75, 91, 109, 127] (0.99147386651272262)
[75, 91, 124] (0.98160072235297602)
[75, 91, 124, 127] (0.98160072235297602)
[75, 91, 127] (0.99277647023994553)
[75, 106] (0.98445756916381721)
[75, 106, 109] (0.98445756916381721)
[75, 106, 109, 124] (0.97192000828929648)
[75, 106, 109, 124, 127] (0.97192000828929648)
[75, 106, 109, 127] (0.98309575617626599)
[75, 106, 124] (0.97192000828929648)
[75, 106, 124, 127] (0.97192000828929648)
[75, 106, 127] (0.98309575617626599)
[75, 109] (0.99407907396716844)
[75, 109, 124] (0.9815415130926477)
[75, 109, 124, 127] (0.9815415130926477)
[75, 109, 127] (0.99271726097961721)
[75, 124] (0.98284411681987061)
[75, 124, 127] (0.98284411681987061)
[75, 127] (0.99401986470684012)
[88] (0.99068934381337237)
[88, 91] (0.99068934381337237)
[88, 91, 106] (0.97976523528279824)
[88, 91, 106, 109] (0.97976523528279824)
[88, 91, 106, 109, 127] (0.97840342229524702)
[88, 91, 106, 127] (0.97840342229524702)
[88, 91, 109] (0.98938674008614946)
[88, 91, 109, 124] (0.97684917921162873)
[88, 91, 109, 124, 127] (0.97684917921162873)
[88, 91, 109, 127] (0.98802492709859824)
[88, 91, 124] (0.97815178293885163)
[88, 91, 124, 127] (0.97815178293885163)
[88, 91, 127] (0.98932753082582114)
[88, 106] (0.97976523528279824)
[88, 106, 109] (0.97976523528279824)
[88, 106, 109, 127] (0.97840342229524702)
[88, 106, 127] (0.97840342229524702)
[88, 109] (0.98938674008614946)
[88, 109, 124] (0.97684917921162873)
[88, 109, 124, 127] (0.97684917921162873)
[88, 109, 127] (0.98802492709859824)
[88, 124] (0.97815178293885163)
[88, 124, 127] (0.97815178293885163)
[88, 127] (0.98932753082582114)
[91] (0.99875660553310541)
[91, 106] (0.98783249700253117)
[91, 106, 109] (0.98783249700253117)
[91, 106, 109, 124] (0.97529493612801044)
[91, 106, 109, 124, 127] (0.97529493612801044)
[91, 106, 109, 127] (0.98647068401497995)
[91, 106, 124] (0.97529493612801044)
[91, 106, 124, 127] (0.97529493612801044)
[91, 106, 127] (0.98647068401497995)
[91, 109] (0.9974540018058824)
[91, 109, 124] (0.98491644093136166)
[91, 109, 124, 127] (0.98491644093136166)
[91, 109, 127] (0.99609218881833117)
[91, 124] (0.98621904465858456)
[91, 124, 127] (0.98621904465858456)
[91, 127] (0.99739479254555408)
[106] (0.98907589146942587)
[106, 109] (0.98907589146942587)
[106, 109, 124] (0.97653833059490502)
[106, 109, 124, 127] (0.97653833059490502)
[106, 109, 127] (0.98771407848187454)
[106, 124] (0.97653833059490502)
[106, 124, 127] (0.97653833059490502)
[106, 127] (0.98771407848187454)
[109] (0.99869739627277709)
[109, 124] (0.98615983539825625)
[109, 124, 127] (0.98615983539825625)
[109, 127] (0.99733558328522576)
[124] (0.98746243912547926)
[124, 127] (0.98746243912547926)
[127] (0.99863818701244877)
