[170] (0.99033560331117731)
[170, 180] (0.97698079354075762)
[170, 180, 184] (0.97698079354075762)
[170, 180, 184, 4426] (0.95141295926273295)
[170, 180, 184, 4428] (0.95977245850833914)
[170, 180, 184, 4428, 4438] (0.95769277820821275)
[170, 180, 184, 4428, 7062] (0.95147412633038375)
[170, 180, 184, 4432] (0.95086245565387595)
[170, 180, 184, 4434] (0.95308485911185414)
[170, 180, 184, 4434, 4438] (0.95135179219508215)
[170, 180, 184, 4438] (0.97490111324063122)
[170, 180, 184, 4438, 7062] (0.96650083594992453)
[170, 180, 184, 7062] (0.96851934918240024)
[170, 180, 4426] (0.95141295926273295)
[170, 180, 4428] (0.95977245850833914)
[170, 180, 4428, 4438] (0.95769277820821275)
[170, 180, 4428, 7062] (0.95147412633038375)
[170, 180, 4432] (0.95086245565387595)
[170, 180, 4434] (0.95308485911185414)
[170, 180, 4434, 4438] (0.95135179219508215)
[170, 180, 4438] (0.97490111324063122)
[170, 180, 4438, 7062] (0.96650083594992453)
[170, 180, 7062] (0.96851934918240024)
[170, 184] (0.97698079354075762)
[170, 184, 4426] (0.95141295926273295)
[170, 184, 4428] (0.95977245850833914)
[170, 184, 4428, 4438] (0.95769277820821275)
[170, 184, 4428, 7062] (0.95147412633038375)
[170, 184, 4432] (0.95086245565387595)
[170, 184, 4434] (0.95308485911185414)
[170, 184, 4434, 4438] (0.95135179219508215)
[170, 184, 4438] (0.97490111324063122)
[170, 184, 4438, 7062] (0.96650083594992453)
[170, 184, 7062] (0.96851934918240024)
[170, 4426] (0.96460465685275043)
[170, 4426, 4428] (0.95553154181788524)
[170, 4426, 4428, 4438] (0.95345186151775885)
[170, 4426, 4438] (0.96252497655262403)
[170, 4426, 4438, 7062] (0.95420625535211845)
[170, 4426, 7062] (0.95622476858459404)
[170, 4428] (0.97300493414345712)
[170, 4428, 4438] (0.97092525384333073)
[170, 4428, 4438, 7062] (0.96266769971047583)
[170, 4428, 7062] (0.96468621294295154)
[170, 4432] (0.96417648737919504)
[170, 4432, 4438] (0.96228030828202094)
[170, 4432, 4438, 7062] (0.95445092362272155)
[170, 4432, 7062] (0.95630632467479504)
[170, 4434] (0.96639889083717323)
[170, 4434, 4438] (0.96466582392040123)
[170, 4434, 4438, 7062] (0.95669371610325005)
[170, 4434, 7062] (0.95838600497492155)
[170, 4438] (0.98825592301105081)
[170, 4438, 4940] (0.96015984993679404)
[170, 4438, 4940, 7062] (0.95184112873628834)
[170, 4438, 7062] (0.97983525669779392)
[170, 4438, 7092] (0.95771316723076294)
[170, 4940] (0.96221914121437013)
[170, 4940, 7062] (0.95385964196876405)
[170, 7062] (0.98185376993026952)
[170, 7062, 7092] (0.95149451535293394)
[170, 7092] (0.95975206948578884)
[180] (0.98393345023039591)
[180, 184] (0.98393345023039591)
[180, 184, 4426] (0.95824328181706964)
[180, 184, 4426, 4438] (0.95616360151694324)
[180, 184, 4428] (0.96668433715287694)
[180, 184, 4428, 4438] (0.96460465685275043)
[180, 184, 4428, 4438, 7062] (0.95636749174244584)
[180, 184, 4428, 7062] (0.95838600497492155)
[180, 184, 4432] (0.95777433429841374)
[180, 184, 4432, 4438] (0.95587815520123964)
[180, 184, 4434] (0.95995595971129144)
[180, 184, 4434, 4438] (0.95822289279451944)
[180, 184, 4434, 4438, 7062] (0.95027117399991845)
[180, 184, 4434, 7062] (0.95196346287158995)
[180, 184, 4438] (0.98185376993026952)
[180, 184, 4438, 4940] (0.95404314317171635)
[180, 184, 4438, 7062] (0.97345349263956282)
[180, 184, 4438, 7092] (0.95212657505199205)
[180, 184, 4940] (0.95610243444929255)
[180, 184, 7062] (0.97547200587203853)
[180, 184, 7092] (0.95416547730701795)
[180, 4426] (0.95824328181706964)
[180, 4426, 4438] (0.95616360151694324)
[180, 4428] (0.96668433715287694)
[180, 4428, 4438] (0.96460465685275043)
[180, 4428, 4438, 7062] (0.95636749174244584)
[180, 4428, 7062] (0.95838600497492155)
[180, 4432] (0.95777433429841374)
[180, 4432, 4438] (0.95587815520123964)
[180, 4434] (0.95995595971129144)
[180, 4434, 4438] (0.95822289279451944)
[180, 4434, 4438, 7062] (0.95027117399991845)
[180, 4434, 7062] (0.95196346287158995)
[180, 4438] (0.98185376993026952)
[180, 4438, 4940] (0.95404314317171635)
[180, 4438, 7062] (0.97345349263956282)
[180, 4438, 7092] (0.95212657505199205)
[180, 4940] (0.95610243444929255)
[180, 7062] (0.97547200587203853)
[180, 7092] (0.95416547730701795)
[184] (0.98393345023039591)
[184, 4426] (0.95824328181706964)
[184, 4426, 4438] (0.95616360151694324)
[184, 4428] (0.96668433715287694)
[184, 4428, 4438] (0.96460465685275043)
[184, 4428, 4438, 7062] (0.95636749174244584)
[184, 4428, 7062] (0.95838600497492155)
[184, 4432] (0.95777433429841374)
[184, 4432, 4438] (0.95587815520123964)
[184, 4434] (0.95995595971129144)
[184, 4434, 4438] (0.95822289279451944)
[184, 4434, 4438, 7062] (0.95027117399991845)
[184, 4434, 7062] (0.95196346287158995)
[184, 4438] (0.98185376993026952)
[184, 4438, 4940] (0.95404314317171635)
[184, 4438, 7062] (0.97345349263956282)
[184, 4438, 7092] (0.95212657505199205)
[184, 4940] (0.95610243444929255)
[184, 7062] (0.97547200587203853)
[184, 7092] (0.95416547730701795)
[188] (0.95734616482485835)
[188, 4438] (0.95528687354728214)
[4426] (0.97402438527097013)
[4426, 4428] (0.96491049219100433)
[4426, 4428, 4438] (0.96283081189087794)
[4426, 4428, 4438, 7062] (0.95457325775802304)
[4426, 4428, 7062] (0.95659177099049875)
[4426, 4434] (0.95016922888716715)
[4426, 4438] (0.97194470497084373)
[4426, 4438, 7062] (0.96358520572523754)
[4426, 7062] (0.96560371895771313)
[4428] (0.98260816376462912)
[4428, 4432] (0.95869184031317534)
[4428, 4432, 4438] (0.95679566121600135)
[4428, 4432, 7062] (0.95086245565387595)
[4428, 4434] (0.95920156587693184)
[4428, 4434, 4438] (0.95746849896015984)
[4428, 4434, 7062] (0.95129062512743134)
[4428, 4438] (0.98052848346450272)
[4428, 4438, 4940] (0.95251396648044695)
[4428, 4438, 7062] (0.97223015128654733)
[4428, 4438, 7092] (0.95008767279696615)
[4428, 4940] (0.95457325775802304)
[4428, 7062] (0.97424866451902292)
[4428, 7092] (0.95212657505199205)
[4432] (0.97375932797781672)
[4432, 4434] (0.95600048933654125)
[4432, 4434, 4438] (0.95428781144231944)
[4432, 4438] (0.97186314888064262)
[4432, 4438, 7062] (0.96399298617624274)
[4432, 7062] (0.96584838722831623)
[4434] (0.97594095339069442)
[4434, 4438] (0.97420788647392242)
[4434, 4438, 7062] (0.96619500061167063)
[4434, 7062] (0.96788728948334213)
[4436] (0.95930351098968314)
[4436, 4438] (0.95777433429841374)
[4436, 4438, 7062] (0.95004689475186554)
[4436, 7062] (0.95155568242058475)
[4438] (0.9979203196998736)
[4438, 4940] (0.96927374301675973)
[4438, 4940, 7062] (0.96091424377115364)
[4438, 7062] (0.98945887534151611)
[4438, 7062, 7092] (0.95873261835827595)
[4438, 7092] (0.96696978346858053)
[4940] (0.97133303429433593)
[4940, 7062] (0.96293275700362924)
[7062] (0.99147738857399181)
[7062, 7092] (0.96071035354565104)
[7092] (0.96900868572360643)
